,,0
0,0,0.019718286
0,1,0.011307235
0,2,0.038825568
0,3,0.008457775
0,4,0.036358234
0,5,0.0017906381
0,6,0.016835269
0,7,0.014245625
0,8,0.016745564
0,9,0.0033605052
0,10,0.023264047
0,11,-0.00015789736
0,12,0.020731684
0,13,0.019601401
0,14,0.054054853
0,15,0.022912081
0,16,0.05244797
0,17,0.003996308
0,18,0.0010593487
0,19,0.03241503
0,20,0.010656889
0,21,0.01721358
0,22,0.03231084
0,23,0.0138818575
0,24,0.027098592
0,25,0.0056784702
0,26,0.010047789
0,27,0.05435812
0,28,0.08245688
0,29,0.050511118
0,30,0.046816524
0,31,0.027250346
0,32,0.01273417
0,33,0.017869767
0,34,-0.00038129557
0,35,0.0009884788
0,36,-0.0014998363
0,37,0.0024552895
0,38,0.008588369
0,39,0.0768429
0,40,0.041753706
0,41,0.07143252
0,42,0.004750545
0,43,0.04849654
0,44,0.046412285
0,45,0.003410156
0,46,0.018828388
0,47,0.06688755
0,48,0.008289929
0,49,0.12332552
0,50,0.054801997
0,51,0.035198446
0,52,0.0038583828
0,53,0.010611887
0,54,0.0031170202
0,55,0.09842151
0,56,0.02120709
0,57,0.052028175
0,58,0.07197087
0,59,0.03081518
0,60,0.0065880967
0,61,-0.00432307
0,62,0.019753393
0,63,0.006506975
0,64,0.035163637
0,65,0.007741864
0,66,0.026363786
0,67,-0.0029412555
0,68,0.014997358
0,69,0.050360616
0,70,0.012509103
0,71,0.03919434
0,72,0.048695203
0,73,0.0024815155
0,74,0.013328011
0,75,0.051002797
0,76,0.06337302
0,77,0.011084492
0,78,0.0109612895
0,79,0.00017463695
0,80,-0.0034367489
0,81,0.0025217487
0,82,0.003833468
0,83,-0.001179223
0,84,-0.001926546
0,85,0.02113932
0,86,0.010260041
0,87,0.03271776
0,88,0.03208136
0,89,0.010487135
0,90,0.02982026
0,91,0.000937636
0,92,0.005106504
0,93,0.012649233
0,94,0.055543717
0,95,0.0109635545
0,96,0.027232822
0,97,0.005903001
0,98,0.033615824
0,99,0.0035346104
0,100,0.047383007
0,101,-0.00031078327
0,102,0.055602726
0,103,0.00037973654
0,104,-0.0010428475
0,105,0.007362838
0,106,-0.0034247683
0,107,0.0065884544
0,108,0.020087894
0,109,0.008379216
0,110,0.005092318
0,111,0.05463427
0,112,0.022528645
0,113,0.011924083
0,114,0.018279012
0,115,0.0039719297
0,116,1.906883e-05
0,117,-0.0028009461
0,118,0.03162169
0,119,0.014533694
0,120,0.025379535
0,121,0.06072801
0,122,0.014377172
0,123,0.033733007
0,124,0.052739438
0,125,0.035581704
0,126,0.0012134863
0,127,-0.00034118164
0,128,0.0068213893
0,129,-0.0039507197
0,130,0.0032919003
0,131,0.012832577
0,132,-0.0012114691
0,133,0.01034766
0,134,0.018348511
0,135,0.008589621
0,136,0.012701268
0,137,0.018249031
0,138,-0.0020439075
0,139,0.007770057
0,140,-0.0045110034
0,141,0.0019400073
0,142,0.056797203
0,143,0.02157354
0,144,0.027220663
0,145,0.022809621
0,146,0.0028738333
0,147,0.007548387
0,148,0.04813808
0,149,-0.0009397315
0,150,0.04002243
0,151,0.027368959
0,152,0.036130782
0,153,0.052848812
0,154,0.0022634221
0,155,0.025557037
0,156,0.011228557
0,157,0.019768592
0,158,0.019697782
0,159,0.0008295132
0,160,0.03646558
0,161,0.007864173
0,162,0.025110539
0,163,0.018303808
0,164,0.014317329
0,165,0.01888543
0,166,0.078730814
0,167,0.0024234606
0,168,0.025900062
0,169,0.029516753
0,170,0.014280553
0,171,0.011682983
0,172,0.042932387
0,173,0.0036812378
0,174,-0.0019968795
0,175,0.0054442836
0,176,0.009250815
0,177,0.053421434
0,178,0.0021209074
0,179,0.027922925
0,180,0.015625771
0,181,0.009431715
0,182,0.029745158
0,183,0.026525851
0,184,0.0485416
0,185,0.06993394
0,186,0.041891392
0,187,0.06723451
0,188,0.003082986
0,189,0.04525369
0,190,0.001386161
0,191,-0.0022575306
0,192,0.02345055
0,193,0.0026189042
0,194,0.022361692
0,195,0.008085306
0,196,0.009807761
0,197,0.020538803
0,198,0.0015591336
0,199,-0.0030114101
0,200,0.0041887714
0,201,0.0004892899
0,202,0.06763374
0,203,0.01971763
0,204,0.040781256
0,205,0.08052068
0,206,0.021202382
0,207,0.014615054
0,208,0.000911708
0,209,0.023430761
0,210,0.029352602
0,211,0.017928835
0,212,0.009575422
0,213,0.04168689
0,214,0.11600637
0,215,0.033231433
0,216,0.015767273
0,217,0.016005155
0,218,0.07361346
0,219,0.00054937135
0,220,0.025291082
0,221,0.004979904
0,222,0.027140316
0,223,0.00398546
0,224,-0.0049319314
0,225,0.054295417
0,226,0.0048688604
0,227,-0.0020387815
0,228,0.0024238182
0,229,0.04897904
0,230,0.055061217
0,231,-0.004911606
0,232,0.036382135
0,233,0.06775122
0,234,0.00572371
0,235,0.038557526
0,236,0.038396653
0,237,0.2072911
0,238,0.08416062
0,239,0.040067013
0,240,0.036628243
0,241,0.038772937
0,242,0.017747637
0,243,0.0123006655
0,244,0.10059529
0,245,0.14356709
0,246,0.05389839
0,247,0.01169097
0,248,0.013470705
0,249,-0.0011456655
0,250,0.052032884
0,251,0.04166698
0,252,-0.0010811137
0,253,0.062183615
0,254,0.043032583
0,255,0.09914773
0,256,0.04769581
0,257,0.0136634065
0,258,0.20141995
0,259,0.0017369343
0,260,0.07253998
0,261,0.07157641
0,262,0.0054583503
0,263,0.016451117
0,264,0.05613732
0,265,0.051494833
0,266,0.00035571586
0,267,0.0139661385
0,268,0.030553814
0,269,0.11383998
0,270,0.0054301573
0,271,0.07596325
0,272,-0.0037283348
0,273,0.04912054
0,274,0.043004926
0,275,0.039784905
0,276,0.017522033
0,277,0.07218372
0,278,0.006692524
0,279,0.007413323
0,280,0.056217965
0,281,0.049732145
0,282,0.034106966
0,283,0.08175444
0,284,0.065511756
0,285,0.06406831
0,286,0.028986331
0,287,0.03463268
0,288,0.008832569
0,289,0.0002573682
0,290,0.0032160236
0,291,-0.004032855
0,292,0.11219197
0,293,0.01365381
0,294,-0.00041157473
0,295,0.14702213
0,296,0.12078058
0,297,0.010845537
0,298,0.000354941
0,299,0.21499091
0,300,0.014198716
0,301,0.10731905
0,302,0.03904551
0,303,0.020967241
0,304,0.0040810658
0,305,0.037517782
0,306,0.030537304
0,307,0.16053247
0,308,0.07092928
0,309,0.019654151
0,310,0.12541664
0,311,0.020639595
0,312,0.1804406
0,313,0.06998246
0,314,0.072009854
0,315,0.0027775122
0,316,0.053427394
0,317,0.023724016
0,318,0.037710186
0,319,0.0040852977
0,320,0.08318441
0,321,0.23394012
0,322,0.15640676
0,323,0.18407607
0,324,0.06692343
0,325,0.052598055
0,326,0.047830936
0,327,0.102124564
0,328,0.055772837
0,329,-0.0019072937
0,330,0.12193345
0,331,0.08887123
0,332,0.08904111
0,333,0.010777886
0,334,0.022808846
0,335,0.06343865
0,336,0.030165728
0,337,0.02832156
0,338,0.15818465
0,339,0.037104603
0,340,0.13830143
0,341,0.15293932
0,342,0.0720238
0,343,0.0264461
0,344,0.090487234
0,345,0.047538932
0,346,0.014369781
0,347,0.03399485
0,348,0.042239364
0,349,0.08442073
0,350,0.030899104
0,351,0.1356647
0,352,0.122341804
0,353,0.029445168
0,354,0.08331513
0,355,0.015364642
0,356,0.060440537
0,357,0.06356733
0,358,0.043792125
0,359,0.0022383882
0,360,0.08093279
0,361,0.07263862
0,362,0.017614719
0,363,0.057284173
0,364,0.045231994
0,365,-0.0033534812
0,366,0.04555684
0,367,0.05532473
0,368,0.018413778
0,369,0.11620211
0,370,0.028022226
0,371,0.06803059
0,372,0.12336927
0,373,0.07336324
0,374,0.017639752
0,375,0.037996646
0,376,0.05198389
0,377,0.065035515
0,378,-0.00016397703
0,379,0.05609381
0,380,0.14762878
0,381,0.010179336
0,382,0.01607811
0,383,0.06024271
0,384,0.044528063
0,385,0.14067173
0,386,0.0043358756
0,387,0.03137761
0,388,0.0058228923
0,389,0.0692073
0,390,0.014755781
0,391,0.012672658
0,392,0.08482789
0,393,0.02781367
0,394,0.028349992
0,395,0.02471846
0,396,0.022553202
0,397,0.0123932315
0,398,0.034945007
0,399,0.07181578
0,400,0.12330591
0,401,-0.0049889134
0,402,0.08566015
0,403,0.083428435
0,404,0.05841529
0,405,-0.0038372325
0,406,0.16597104
0,407,0.011333163
0,408,0.07823133
0,409,0.025332924
0,410,0.054092642
0,411,0.036207136
0,412,0.021101411
0,413,0.017454918
0,414,0.081411116
0,415,0.040610608
0,416,0.053914543
0,417,0.031949695
0,418,0.030449744
0,419,0.094402604
0,420,0.03438359
0,421,0.047532316
0,422,0.027583178
0,423,0.008427258
0,424,0.048050698
0,425,0.03005379
0,426,0.0059410287
0,427,0.047616776
0,428,0.033137854
0,429,0.00095200073
0,430,0.039717074
0,431,0.082574
0,432,0.002262528
0,433,0.011301215
0,434,0.057573315
0,435,0.060887035
0,436,0.05187052
0,437,0.035566803
0,438,0.061243292
0,439,0.022570964
0,440,0.012681718
0,441,0.0029031588
0,442,0.043481108
0,443,0.02689099
0,444,0.03451043
0,445,0.12899768
0,446,0.012230928
0,447,0.10817533
0,448,0.078494065
0,449,0.024496015
0,450,0.06797605
0,451,0.016323324
0,452,0.008495505
0,453,0.04754978
0,454,0.030544575
0,455,0.032243725
0,456,0.04053467
0,457,0.044994887
0,458,0.032715794
0,459,0.02511191
0,460,0.013920362
0,461,0.019867416
0,462,0.10195195
0,463,0.025714573
0,464,0.03396302
0,465,0.01853728
0,466,0.03912681
0,467,0.057969447
0,468,0.011229272
0,469,0.016393479
0,470,0.018823978
0,471,0.045610126
0,472,0.014726992
0,473,0.014802451
0,474,0.03303772
0,475,-0.0023585008
0,476,0.017957445
0,477,0.02215391
0,478,0.018641766
0,479,-0.00168622
0,480,0.06860059
0,481,0.0006446792
0,482,0.005357559
0,483,0.017815586
0,484,0.024433192
0,485,0.08902197
0,486,-0.004270618
0,487,0.053824242
0,488,0.07544922
0,489,0.020079788
0,490,0.025119957
0,491,0.1937724
0,492,0.014900203
0,493,-0.0024635242
0,494,-0.0035792636
0,495,-0.002531712
0,496,0.07357823
0,497,0.07184475
0,498,-0.0012133764
0,499,0.10788005
0,500,0.020077344
0,501,0.028551277
0,502,0.09936028
0,503,0.026176687
0,504,0.08118611
0,505,0.04467934
0,506,-0.0028908895
0,507,0.090797715
0,508,0.019332763
0,509,0.010471041
0,510,0.015073414
0,511,0.01875287
0,512,0.06794637
0,513,0.16743618
0,514,0.0018629981
0,515,0.099813096
0,516,0.03642237
0,517,0.024488803
0,518,0.01608735
0,519,0.035001274
0,520,0.04647505
0,521,0.09509986
0,522,0.0850473
0,523,0.028137859
0,524,0.10374837
0,525,0.12499689
0,526,0.07176816
0,527,0.01505744
0,528,0.076503746
0,529,0.08019816
0,530,0.03847974
0,531,0.07392477
0,532,0.06547921
0,533,0.15414602
0,534,0.03823
0,535,0.13916582
0,536,0.0032015396
0,537,0.088706724
0,538,0.09925073
0,539,0.13594955
0,540,0.00819176
0,541,0.004275675
0,542,0.0024308516
0,543,0.05151057
0,544,0.026051458
0,545,0.06706243
0,546,0.07220041
0,547,0.05475932
0,548,0.08894145
0,549,0.056345817
0,550,0.0037153317
0,551,0.014082248
0,552,0.08775719
0,553,0.032118615
0,554,0.00082659256
0,555,0.1408217
0,556,-0.00038868655
0,557,0.014696117
0,558,0.10014879
0,559,0.021157023
0,560,0.004920478
0,561,0.029837903
0,562,0.107841365
0,563,0.18100244
0,564,0.10299676
0,565,0.099473886
0,566,0.06461125
0,567,0.022324976
0,568,0.0002805544
0,569,0.07856142
0,570,0.064212255
0,571,0.068836145
0,572,0.025892373
0,573,-0.00042307843
0,574,0.015801843
0,575,0.005162771
0,576,0.076871805
0,577,0.15992785
0,578,0.0806843
0,579,0.06347471
0,580,0.19505048
0,581,0.09441554
0,582,0.084866695
0,583,0.0025815917
0,584,0.032844957
0,585,0.07668161
0,586,0.011955376
0,587,0.13935989
0,588,0.052632924
0,589,0.023229476
0,590,0.1570499
0,591,0.089269094
0,592,0.22453305
0,593,0.13214993
0,594,0.051246878
0,595,0.123397104
0,596,0.05300867
0,597,0.036427017
0,598,0.05425447
0,599,0.060859438
0,600,0.147015
0,601,0.014003272
0,602,0.00079929363
0,603,0.044654306
0,604,0.06951033
0,605,0.06908863
0,606,0.11579382
0,607,0.09869885
0,608,0.05747592
0,609,0.14982945
0,610,0.19593903
0,611,0.0008003069
0,612,0.016037103
0,613,0.08330994
0,614,0.05831706
0,615,0.00839531
0,616,0.031706687
0,617,0.0006421758
0,618,0.081952564
0,619,0.045511063
0,620,0.028103229
0,621,0.053294893
0,622,0.0019823862
0,623,0.06935667
0,624,0.13472772
0,625,0.05467176
0,626,0.01528805
0,627,0.024580594
0,628,0.06880277
0,629,0.03180438
0,630,0.020731207
0,631,0.004271741
0,632,0.020031448
0,633,0.0074288202
0,634,0.038413104
0,635,0.10630631
0,636,0.00910687
0,637,0.09714352
0,638,0.086188845
0,639,0.0012897803
0,640,0.059264716
0,641,0.08276635
0,642,0.046143588
0,643,0.041366097
0,644,0.059581276
0,645,0.033992644
0,646,0.00519454
0,647,0.049856838
0,648,0.11873578
0,649,0.032196756
0,650,0.034809347
0,651,0.041186687
0,652,0.07805055
0,653,0.09812426
0,654,0.091281824
0,655,0.0101758195
0,656,0.029535469
0,657,0.03168523
0,658,0.018715795
0,659,0.11406147
0,660,0.09057879
0,661,0.08133399
0,662,0.08416783
0,663,0.12893313
0,664,0.09806501
0,665,0.01507699
0,666,0.12901896
0,667,0.15130997
0,668,0.1241306
0,669,0.0607326
0,670,0.019339558
0,671,0.08314227
0,672,0.018122848
0,673,0.023482975
0,674,-0.002038543
0,675,0.02558976
0,676,0.051996585
0,677,0.047976013
0,678,0.026876088
0,679,0.120653026
0,680,0.005231316
0,681,0.061899003
0,682,0.08374929
0,683,0.0009986712
0,684,0.092427485
0,685,0.08354502
0,686,0.05812269
0,687,0.02574962
0,688,0.04230636
0,689,0.032957073
0,690,0.09046369
0,691,0.011916096
0,692,0.0014783693
0,693,0.03881645
0,694,0.009372289
0,695,0.15028447
0,696,0.004789944
0,697,0.0010392023
0,698,0.034568544
0,699,0.026724275
0,700,0.080514304
0,701,0.016820785
0,702,0.06285905
0,703,0.07134598
0,704,0.06370353
0,705,0.05325466
0,706,0.02486461
0,707,0.016120728
0,708,0.036790546
0,709,0.058386322
0,710,0.032659825
0,711,0.0076835705
0,712,-0.003367846
0,713,0.1089971
0,714,0.13060969
0,715,0.07213163
0,716,0.053164
0,717,0.063599996
0,718,0.048125263
0,719,0.026101347
0,720,0.045426603
0,721,0.021312412
0,722,0.15448833
0,723,0.024349686
0,724,0.065713815
0,725,0.00773036
0,726,0.04430091
0,727,-0.00086486805
0,728,0.041521426
0,729,0.17700139
0,730,0.0546661
0,731,0.09435808
0,732,0.0006679846
0,733,-0.0038400935
0,734,0.008854921
0,735,0.04162645
0,736,0.010934229
0,737,0.034507688
0,738,0.08416193
0,739,0.055108424
0,740,0.0045096828
0,741,0.0932486
0,742,-0.001980369
0,743,0.04289859
0,744,-0.0011111544
0,745,0.0035322858
0,746,0.0170626
0,747,0.058303174
0,748,0.0056101037
0,749,0.10360455
0,750,0.009750242
0,751,0.031452414
0,752,0.017698105
0,753,0.15104324
0,754,0.013856764
0,755,0.009778316
0,756,0.027675983
0,757,0.00866508
0,758,0.06604474
0,759,0.054788645
0,760,0.056166228
0,761,0.008854504
0,762,0.10300248
0,763,0.005930419
0,764,0.113297336
0,765,0.084485404
0,766,0.096784465
0,767,0.038171764
0,768,0.024910565
0,769,0.047883626
0,770,0.13285375
0,771,0.015053625
0,772,0.07042693
0,773,0.13027972
0,774,0.046232935
0,775,0.070462815
0,776,-0.00031954516
0,777,0.0079373075
0,778,0.021642085
0,779,0.035667475
0,780,0.058792707
0,781,0.008371229
0,782,0.024438735
0,783,0.042804237
0,784,0.05302721
0,785,0.18248981
0,786,0.004771705
0,787,0.10512268
0,788,0.055761453
0,789,0.043350514
0,790,0.0020125462
0,791,0.020479377
0,792,0.07635789
0,793,0.03924131
0,794,0.07404219
0,795,0.0035392
0,796,0.013387199
0,797,0.014629598
0,798,0.1069287
0,799,0.12246477
0,800,0.0027816845
0,801,0.07095557
0,802,0.052794214
0,803,0.046022233
0,804,0.007536347
0,805,0.08204316
0,806,0.057485934
0,807,0.065757684
0,808,0.029855367
0,809,0.005469556
0,810,0.014995153
0,811,0.02064168
0,812,0.003315623
0,813,0.00911742
0,814,0.06561714
0,815,0.005652721
0,816,0.046898838
0,817,0.08648258
0,818,0.0067761494
0,819,0.033352192
0,820,0.03634673
0,821,0.057882007
0,822,0.074696235
0,823,0.018421765
0,824,0.05214524
0,825,0.033458706
0,826,0.012839968
0,827,0.024681922
0,828,0.021594997
0,829,0.01674926
0,830,0.0045173718
0,831,0.11277961
0,832,0.0217936
0,833,0.080290906
0,834,0.03262269
0,835,0.025366958
0,836,0.03161901
0,837,-0.000709896
0,838,0.110060684
0,839,0.07255494
0,840,0.015105422
0,841,0.07221096
0,842,0.0054592444
0,843,0.001482184
0,844,0.0102658225
0,845,0.031488296
0,846,0.0977171
0,847,0.034003552
0,848,0.00787818
0,849,-0.0008268999
0,850,0.08604591
0,851,0.057865854
0,852,0.057419296
0,853,0.0051447107
0,854,0.012038882
0,855,0.07394486
0,856,0.012349124
0,857,0.07157152
0,858,0.01809233
0,859,0.003495331
0,860,0.04285639
0,861,0.06856101
0,862,0.01655477
0,863,0.041269895
0,864,0.03909784
0,865,0.050743695
0,866,-0.00045687426
0,867,0.020459589
0,868,0.099860065
0,869,0.02264702
0,870,0.059496995
0,871,0.08364754
0,872,0.021440085
0,873,0.021072146
0,874,0.057995614
0,875,0.12612319
0,876,0.00084846746
0,877,0.11386805
0,878,0.088078134
0,879,0.042194244
0,880,0.14624381
0,881,0.04610836
0,882,0.04561388
0,883,0.03655165
0,884,0.107411616
0,885,0.00040316116
0,886,0.07878905
0,887,0.024245318
0,888,0.03100365
0,889,-0.002710049
0,890,-0.0028294967
0,891,0.018028017
0,892,-0.0014696168
0,893,0.031156596
0,894,0.080524676
0,895,0.044259902
0,896,0.06597214
0,897,0.05962413
0,898,0.05289757
0,899,0.0042612506
0,900,0.1539073
0,901,0.015451069
0,902,0.008677478
0,903,0.008118327
0,904,0.02552211
0,905,0.14572817
0,906,0.14871955
0,907,0.06989347
0,908,0.14947742
0,909,0.03919905
0,910,0.08972027
0,911,0.009173865
0,912,0.06860166
0,913,0.06483727
0,914,0.038407262
0,915,0.07975697
0,916,0.10090666
0,917,0.06413477
0,918,0.065380625
0,919,0.050547894
0,920,0.10899966
0,921,0.029806968
0,922,0.14129722
0,923,0.02399486
0,924,0.016075369
0,925,-0.0008973526
0,926,0.07365417
0,927,0.06392639
0,928,-0.0047505544
0,929,0.114958994
0,930,0.06733131
0,931,0.024343785
0,932,0.0061268164
0,933,0.0038096262
0,934,0.010164197
0,935,0.14926547
0,936,0.0039279414
0,937,0.008818145
0,938,0.008266027
0,939,0.1001535
0,940,0.027063128
0,941,-0.0016692327
0,942,0.12588936
0,943,0.07566594
0,944,0.023579832
0,945,0.011116023
0,946,-0.004664664
0,947,-0.0008540796
0,948,0.06260913
0,949,0.016180273
0,950,0.11943888
0,951,0.17487788
0,952,0.043508347
0,953,-0.00052333344
0,954,-0.0021109032
0,955,0.020877417
0,956,0.1477144
0,957,0.04108989
0,958,0.094310395
0,959,-0.0018574046
0,960,0.121594004
0,961,0.105136804
0,962,0.12229847
0,963,0.010049756
0,964,0.079590075
0,965,-0.0030615376
0,966,0.2017358
0,967,0.089076154
0,968,0.16398114
0,969,0.027846094
0,970,0.060760792
0,971,0.18821609
0,972,0.11415305
0,973,0.100099616
0,974,0.0076711727
0,975,0.09948813
0,976,-0.002665286
0,977,0.036511656
0,978,0.056110796
0,979,0.13880026
0,980,0.14879072
0,981,0.22833315
0,982,0.008796687
0,983,0.093891434
0,984,0.053867396
0,985,0.005079503
0,986,0.09109601
0,987,0.008113856
0,988,0.08895903
0,989,0.12542424
0,990,0.062205013
0,991,0.075349264
0,992,0.050936576
0,993,0.0074226214
0,994,5.59818e-06
0,995,0.19486481
0,996,0.017621633
0,997,0.04177892
0,998,0.22683823
0,999,0.032937285
0,1000,0.028041717
0,1001,0.008409615
0,1002,0.04396605
0,1003,0.14860061
0,1004,0.038698133
0,1005,0.08181506
0,1006,0.046627518
0,1007,0.04339176
0,1008,0.036081966
0,1009,0.10766309
0,1010,0.108530514
0,1011,0.054770764
0,1012,0.062694184
0,1013,0.033066507
0,1014,0.082682304
0,1015,0.008798416
0,1016,0.02127653
0,1017,0.08418589
0,1018,0.07119291
0,1019,0.040778395
0,1020,0.078706495
0,1021,0.0009992672
0,1022,0.0028974963
0,1023,0.050039586
0,1024,0.09215342
0,1025,0.010067637
0,1026,0.06421434
0,1027,0.022749897
0,1028,0.063922636
0,1029,0.12768298
0,1030,0.11261263
0,1031,0.09924873
0,1032,0.16995504
0,1033,0.007940824
0,1034,0.07980298
0,1035,0.03877854
0,1036,0.011587198
0,1037,0.006512518
0,1038,0.10472589
0,1039,0.06727176
0,1040,0.051057216
0,1041,0.08078342
0,1042,0.0093516065
0,1043,0.068702124
0,1044,0.05133235
0,1045,0.09043043
0,1046,0.015777942
0,1047,-0.00463063
0,1048,0.050824698
0,1049,0.112031035
0,1050,0.049976703
0,1051,0.10926532
0,1052,0.011128838
0,1053,0.118325405
0,1054,0.057181414
0,1055,0.15967429
0,1056,0.123891674
0,1057,0.09351098
0,1058,0.1453433
0,1059,0.0955454
0,1060,0.05458122
0,1061,0.18675733
0,1062,0.06470408
0,1063,0.05116528
0,1064,0.0882011
0,1065,0.09688663
0,1066,0.031353172
0,1067,0.11462914
0,1068,0.11650848
0,1069,0.03573626
0,1070,0.04834133
0,1071,0.17084855
0,1072,0.08920156
0,1073,0.03411078
0,1074,0.042912003
0,1075,0.14365849
0,1076,0.085996024
0,1077,0.25848275
0,1078,0.028219517
0,1079,0.062031265
0,1080,0.18390095
0,1081,0.07953321
0,1082,0.0035129143
0,1083,0.12913436
0,1084,0.18843767
0,1085,0.14783394
0,1086,0.09127914
0,1087,0.03271776
0,1088,0.096743636
0,1089,0.053074177
0,1090,0.06354325
0,1091,0.13408336
0,1092,0.058727857
0,1093,0.11369517
0,1094,0.24344605
0,1095,0.06913357
0,1096,0.05248302
0,1097,0.11531972
0,1098,0.050725814
0,1099,0.0665622
0,1100,0.017657932
0,1101,0.007834847
0,1102,0.08304166
0,1103,0.23913845
0,1104,0.06986921
0,1105,0.025618728
0,1106,0.13488784
0,1107,0.089189105
0,1108,0.019863125
0,1109,0.19447458
0,1110,0.08790671
0,1111,0.011760767
0,1112,0.045505818
0,1113,0.05275088
0,1114,0.014711316
0,1115,0.10248976
0,1116,0.14172775
0,1117,0.09933352
0,1118,0.010079558
0,1119,0.11293345
0,1120,0.003617878
0,1121,0.13111803
0,1122,0.013103719
0,1123,0.16468406
0,1124,0.04686993
0,1125,0.017126318
0,1126,0.015664753
0,1127,0.114126675
0,1128,0.034625705
0,1129,0.17549992
0,1130,0.03492659
0,1131,0.07510214
0,1132,0.09947508
0,1133,0.058636542
0,1134,0.08020466
0,1135,0.05842858
0,1136,0.0061462475
0,1137,0.085896336
0,1138,0.05976134
0,1139,0.047042187
0,1140,0.116079204
0,1141,-0.0020535039
0,1142,0.042767283
0,1143,0.07659548
0,1144,0.055697616
0,1145,-0.003260498
0,1146,0.13187301
0,1147,0.007337506
0,1148,-0.0044360207
0,1149,0.06299501
0,1150,0.055008825
0,1151,0.072638564
0,1152,0.2053051
0,1153,0.02222478
0,1154,0.064735465
0,1155,0.23171026
0,1156,0.11699664
0,1157,0.18034753
0,1158,0.06855386
0,1159,0.02641606
0,1160,0.048354503
0,1161,0.0085234
0,1162,0.05181628
0,1163,0.03574806
0,1164,0.06902855
0,1165,0.002629633
0,1166,0.062355336
0,1167,0.04070818
0,1168,0.064112
0,1169,0.0129759265
0,1170,0.035168584
0,1171,0.010395463
0,1172,0.075496964
0,1173,0.03636312
0,1174,-0.004392271
0,1175,0.038501438
0,1176,0.009581502
0,1177,0.13730705
0,1178,0.064525925
0,1179,0.2679922
0,1180,0.0148903085
0,1181,0.040407773
0,1182,0.019374188
0,1183,0.049501117
0,1184,0.08314299
0,1185,0.0077059222
0,1186,0.028151806
0,1187,0.021227058
0,1188,0.11205708
0,1189,0.019878622
0,1190,0.064348154
0,1191,0.0634517
0,1192,0.02277499
0,1193,0.07733785
0,1194,0.0093880845
0,1195,0.18078253
0,1196,0.028929587
0,1197,0.10097974
0,1198,0.002249117
0,1199,0.11229395
0,1200,0.08769303
0,1201,0.11824959
0,1202,0.07266318
0,1203,0.003276403
0,1204,0.076828055
0,1205,0.009178276
0,1206,0.036763605
0,1207,0.062178668
0,1208,0.001915629
0,1209,0.11839365
0,1210,0.0589807
0,1211,0.08486288
0,1212,0.06303983
0,1213,0.068545334
0,1214,-0.0032160329
0,1215,0.09309869
0,1216,0.047662195
0,1217,0.021873947
0,1218,0.036421355
0,1219,0.10285907
0,1220,0.07572799
0,1221,0.08905723
0,1222,0.032920357
0,1223,0.0049166633
0,1224,0.09410184
0,1225,0.07478654
0,1226,0.0016626073
0,1227,0.07686304
0,1228,0.044656154
0,1229,0.15858543
0,1230,0.03916621
0,1231,0.1293608
0,1232,0.115954034
0,1233,-0.002263491
0,1234,0.09021025
0,1235,0.06715744
0,1236,0.089713745
0,1237,0.001537676
0,1238,0.07241254
0,1239,0.050948378
0,1240,0.06008702
0,1241,0.0074630333
0,1242,0.017935093
0,1243,0.02935147
0,1244,0.07546096
0,1245,0.099030815
0,1246,0.18471521
0,1247,0.0822516
0,1248,0.0018298579
0,1249,0.004841204
0,1250,0.02459031
0,1251,0.014637585
0,1252,0.08960038
0,1253,0.0842747
0,1254,0.002697046
0,1255,0.035944995
0,1256,0.0035923673
0,1257,0.21219254
0,1258,0.021360513
0,1259,0.02377611
0,1260,0.009805615
0,1261,0.041151162
0,1262,0.011303301
0,1263,0.05478638
0,1264,0.015509124
0,1265,0.0032917215
0,1266,0.06887024
0,1267,0.024349328
0,1268,0.14320368
0,1269,0.102009945
0,1270,0.047202226
0,1271,0.20502988
0,1272,0.0736584
0,1273,0.23740098
0,1274,-0.00065351
0,1275,0.046688613
0,1276,0.023247179
0,1277,-0.0028574513
0,1278,0.0074287606
0,1279,0.098534994
0,1280,0.037530478
0,1281,0.12487107
0,1282,0.03555065
0,1283,0.11719083
0,1284,0.16416752
0,1285,0.018997487
0,1286,0.06748431
0,1287,0.016664859
0,1288,0.056857105
0,1289,0.08731615
0,1290,0.09614181
0,1291,0.10475939
0,1292,0.07465016
0,1293,-0.0029790448
0,1294,0.029923495
0,1295,0.08591416
0,1296,0.16357774
0,1297,0.037784275
0,1298,0.0058772815
0,1299,0.015331621
0,1300,0.14234388
0,1301,0.06915634
0,1302,0.10238772
0,1303,0.03543174
0,1304,0.060110506
0,1305,0.11113381
0,1306,0.09896248
0,1307,0.08965426
0,1308,0.17665952
0,1309,0.0934382
0,1310,0.06569093
0,1311,0.12505937
0,1312,0.20183474
0,1313,0.01881301
0,1314,0.21219206
0,1315,0.13017982
0,1316,0.14413947
0,1317,0.027788576
0,1318,0.12948447
0,1319,0.09763401
0,1320,0.1983585
0,1321,0.15001398
0,1322,0.025863584
0,1323,0.15255076
0,1324,0.17826134
0,1325,0.107303254
0,1326,0.045517977
0,1327,0.12496763
0,1328,0.09937497
0,1329,0.08885174
0,1330,-0.0019797133
0,1331,0.19888973
0,1332,0.18380272
0,1333,0.0005598618
0,1334,0.07017844
0,1335,0.08915805
0,1336,0.15896827
0,1337,0.03415596
0,1338,0.060190972
0,1339,0.123315625
0,1340,0.08460974
0,1341,0.10549047
0,1342,0.1998173
0,1343,0.1453293
0,1344,0.0721988
0,1345,0.09706684
0,1346,0.028236922
0,1347,0.01413923
0,1348,0.036410864
0,1349,0.08004665
0,1350,0.049792495
0,1351,0.13228285
0,1352,0.0321719
0,1353,0.10443955
0,1354,0.04966962
0,1355,0.094337575
0,1356,0.05739021
0,1357,0.033599075
0,1358,0.06767737
0,1359,0.020036098
0,1360,0.028063532
0,1361,0.047553536
0,1362,0.02335542
0,1363,0.08336621
0,1364,0.016644593
0,1365,0.020384785
0,1366,0.009948607
0,1367,0.025088724
0,1368,0.111373596
0,1369,0.008488233
0,1370,0.12180107
0,1371,-0.0010104226
0,1372,0.1872859
0,1373,0.18139601
0,1374,0.17269576
0,1375,0.054048415
0,1376,0.13893545
0,1377,0.026347067
0,1378,0.00023865234
0,1379,0.19346079
0,1380,0.12916625
0,1381,0.10751804
0,1382,-0.004261856
0,1383,0.069877915
0,1384,0.1846577
0,1385,0.0028661443
0,1386,0.030552026
0,1387,0.005948539
0,1388,0.073883764
0,1389,0.05944058
0,1390,0.108177595
0,1391,0.017301675
0,1392,0.034747597
0,1393,0.25957245
0,1394,0.11232882
0,1395,0.05510604
0,1396,0.17713392
0,1397,0.048073824
0,1398,-0.00085732806
0,1399,0.1610601
0,1400,0.16066301
0,1401,0.03127676
0,1402,-0.0025212215
0,1403,0.06870853
0,1404,0.24167132
0,1405,0.14153004
0,1406,0.27263457
0,1407,-0.0036402987
0,1408,0.2273264
0,1409,0.06883966
0,1410,0.075433545
0,1411,0.0060124947
0,1412,0.088370375
0,1413,0.007987614
0,1414,0.2135945
0,1415,0.09103226
0,1416,0.19602329
0,1417,0.07712697
0,1418,0.06791257
0,1419,0.047247764
0,1420,0.13351679
0,1421,0.16237953
0,1422,0.09116941
0,1423,0.042011525
0,1424,0.22094792
0,1425,0.022871729
0,1426,0.062813096
0,1427,0.15387613
0,1428,0.015088494
0,1429,0.15727812
0,1430,0.0076565696
0,1431,0.012099679
0,1432,0.07087352
0,1433,0.035976168
0,1434,0.028515037
0,1435,0.0900596
0,1436,0.043949243
0,1437,0.22905093
0,1438,0.2055248
0,1439,0.048669424
0,1440,0.076487
0,1441,0.0073849214
0,1442,0.13743496
0,1443,0.10969602
0,1444,0.028883632
0,1445,0.078516595
0,1446,0.025048371
0,1447,0.014824267
0,1448,0.079421155
0,1449,0.06301951
0,1450,0.018777486
0,1451,0.112600975
0,1452,0.17707524
0,1453,-0.0034257518
0,1454,0.17489302
0,1455,0.18740666
0,1456,0.05390286
0,1457,0.022661801
0,1458,0.10311096
0,1459,0.047537204
0,1460,0.046020266
0,1461,0.10248684
0,1462,0.1934056
0,1463,0.033224996
0,1464,0.11892562
0,1465,0.1409331
0,1466,0.15375757
0,1467,0.139732
0,1468,0.061568376
0,1469,0.183146
0,1470,0.25274664
0,1471,0.12121128
0,1472,0.080644004
0,1473,0.13172168
0,1474,0.03056508
0,1475,0.05433285
0,1476,0.28744823
0,1477,0.020107385
0,1478,0.11180722
0,1479,0.07723009
0,1480,0.14113814
0,1481,0.15667915
0,1482,0.03947523
0,1483,0.087340645
0,1484,0.24277186
0,1485,0.19620606
0,1486,0.031257685
0,1487,0.07936647
0,1488,0.08743029
0,1489,0.006749387
0,1490,0.08865305
0,1491,0.0020324541
0,1492,0.017448124
0,1493,0.12270116
0,1494,0.07022663
0,1495,0.036499616
0,1496,0.037365552
0,1497,0.06612598
0,1498,0.0916025
0,1499,0.06393289
0,1500,0.013341839
0,1501,0.12048536
0,1502,0.052997585
0,1503,0.089192145
0,1504,0.008890803
0,1505,0.10255002
0,1506,0.04949492
0,1507,0.10951825
0,1508,0.1101945
0,1509,0.03350931
0,1510,0.0025095893
0,1511,0.19767582
0,1512,0.08071976
0,1513,0.12717557
0,1514,0.054630514
0,1515,0.09711843
0,1516,0.10646068
0,1517,0.18330818
0,1518,0.15652347
0,1519,0.15996855
0,1520,0.03758919
0,1521,0.113360874
0,1522,0.093279175
0,1523,0.13151765
0,1524,0.050500687
0,1525,0.054189976
0,1526,0.0508081
0,1527,0.14883941
0,1528,0.06634211
0,1529,0.16846594
0,1530,0.13778019
0,1531,0.006166096
0,1532,0.14934951
0,1533,0.0915206
0,1534,0.03346729
0,1535,0.10785722
0,1536,0.07735687
0,1537,0.0020461632
0,1538,-0.00095314253
0,1539,0.06314158
0,1540,0.06352913
0,1541,0.0455718
0,1542,-0.00016385783
0,1543,0.031012114
0,1544,0.32041076
0,1545,0.10200601
0,1546,0.119279616
0,1547,0.10017186
0,1548,0.021184858
0,1549,0.059667524
0,1550,0.022824403
0,1551,0.12310242
0,1552,0.007418032
0,1553,0.18681177
0,1554,0.101188056
0,1555,0.09812557
0,1556,0.041666027
0,1557,0.00476187
0,1558,0.09363698
0,1559,0.027158912
0,1560,2.1453016e-05
0,1561,0.008823271
0,1562,0.1539903
0,1563,0.086273216
0,1564,0.08855247
0,1565,0.03454637
0,1566,0.08444526
0,1567,0.052337464
0,1568,0.03668898
0,1569,0.12648207
0,1570,0.18302202
0,1571,0.10434937
0,1572,0.111055456
0,1573,0.053608414
0,1574,0.13793868
0,1575,0.022169825
0,1576,0.11398136
0,1577,0.118429594
0,1578,0.13095486
0,1579,0.14532596
0,1580,0.02089068
0,1581,0.10197621
0,1582,0.2721524
0,1583,0.024416443
0,1584,0.008691008
0,1585,0.025691625
0,1586,0.06478696
0,1587,0.08807456
0,1588,0.06484189
0,1589,0.028375622
0,1590,0.10063719
0,1591,0.04911643
0,1592,0.023202356
0,1593,0.036288675
0,1594,0.093781464
0,1595,0.047030624
0,1596,0.0029455973
0,1597,0.005912776
0,1598,0.034081813
0,1599,0.039566513
0,1600,0.098975234
0,1601,0.025090363
0,1602,0.23312515
0,1603,0.00924098
0,1604,0.087735586
0,1605,0.02873772
0,1606,0.20757657
0,1607,0.1305626
0,1608,0.24167496
0,1609,0.0023353053
0,1610,0.14684403
0,1611,0.05500501
0,1612,0.1232151
0,1613,0.06905391
0,1614,0.12053668
0,1615,0.017755326
0,1616,0.15873957
0,1617,0.0020951582
0,1618,0.1484887
0,1619,0.0058950735
0,1620,0.0052192165
0,1621,0.020916399
0,1622,0.009376342
0,1623,0.082531326
0,1624,0.016592558
0,1625,0.0794931
0,1626,0.11120581
0,1627,0.13462919
0,1628,0.07305198
0,1629,0.12887526
0,1630,0.024028536
0,1631,0.22982979
0,1632,0.028539833
0,1633,0.029624637
0,1634,0.09503137
0,1635,0.11846232
0,1636,0.11952969
0,1637,0.0026790453
0,1638,-0.0010534571
0,1639,0.037316915
0,1640,0.025284406
0,1641,0.13888156
0,1642,0.15054488
0,1643,0.117741995
0,1644,0.17881307
0,1645,0.01503634
0,1646,-0.0014337944
0,1647,0.17125696
0,1648,0.013908739
0,1649,0.09799718
0,1650,0.04806399
0,1651,0.045949515
0,1652,0.01380008
0,1653,0.117844455
0,1654,0.13520241
0,1655,0.14623931
0,1656,0.00023543369
0,1657,0.052147802
0,1658,0.008994157
0,1659,0.18194878
0,1660,0.26340836
0,1661,0.16814691
0,1662,0.08154618
0,1663,0.046982046
0,1664,0.069077246
0,1665,0.0108816875
0,1666,0.03314125
0,1667,0.04167473
0,1668,0.060341712
0,1669,0.23183563
0,1670,0.07674035
0,1671,0.15714243
0,1672,0.17198318
0,1673,0.05166733
0,1674,0.055568393
0,1675,0.12809515
0,1676,0.06469082
0,1677,0.11928951
0,1678,0.036404487
0,1679,0.15164813
0,1680,0.14553106
0,1681,-0.0047437595
0,1682,0.058298107
0,1683,0.029262181
0,1684,0.10298955
0,1685,0.0574007
0,1686,0.08617034
0,1687,0.08247816
0,1688,0.14219385
0,1689,0.112560205
0,1690,0.074149184
0,1691,0.024730202
0,1692,0.19531506
0,1693,0.10976278
0,1694,0.19787729
0,1695,0.09798282
0,1696,0.12573928
0,1697,0.18305019
0,1698,0.112584256
0,1699,0.14966112
0,1700,0.13609058
0,1701,0.04541516
0,1702,0.069921486
0,1703,0.06972902
0,1704,0.1824463
0,1705,0.17085257
0,1706,-0.0029488849
0,1707,0.12804675
0,1708,0.11955833
0,1709,0.13367182
0,1710,0.062929206
0,1711,0.08645808
0,1712,0.13443631
0,1713,0.108494155
0,1714,0.034923907
0,1715,0.10622495
0,1716,0.058338936
0,1717,0.12142604
0,1718,0.0374909
0,1719,0.0008158041
0,1720,0.04315197
0,1721,0.21415615
0,1722,0.058263417
0,1723,0.20108816
0,1724,0.05180412
0,1725,0.071041994
0,1726,-0.0031511234
0,1727,-0.00038069952
0,1728,0.03528243
0,1729,0.07025447
0,1730,0.018052336
0,1731,0.12456673
0,1732,0.14456177
0,1733,0.09254398
0,1734,0.009362484
0,1735,0.07975071
0,1736,0.07837101
0,1737,0.20433778
0,1738,-0.00096512306
0,1739,0.008003707
0,1740,0.11416044
0,1741,0.017429944
0,1742,0.066478245
0,1743,0.01978093
0,1744,0.057260748
0,1745,0.0066600395
0,1746,0.03105658
0,1747,0.08258217
0,1748,0.102855794
0,1749,0.0043212725
0,1750,0.13183871
0,1751,0.17715883
0,1752,0.102216356
0,1753,0.007505412
0,1754,-0.0034056352
0,1755,0.011911298
0,1756,0.062608056
0,1757,0.038462576
0,1758,0.11984336
0,1759,0.26241282
0,1760,0.007391031
0,1761,0.019642945
0,1762,0.15239087
0,1763,0.059563335
0,1764,0.019348916
0,1765,0.14187038
0,1766,0.05958044
0,1767,0.044532653
0,1768,0.29633993
0,1769,0.028745826
0,1770,0.1093783
0,1771,0.057997193
0,1772,0.04025453
0,1773,0.12946767
0,1774,0.01502728
0,1775,0.12504306
0,1776,0.11051481
0,1777,0.020544287
0,1778,0.00991499
0,1779,0.054052707
0,1780,0.14362472
0,1781,0.13574916
0,1782,0.05775618
0,1783,0.17817914
0,1784,0.024323758
0,1785,0.004397507
0,1786,0.0041933013
0,1787,0.031117793
0,1788,0.17082864
0,1789,0.12666076
0,1790,0.13119745
0,1791,0.29108697
0,1792,0.02785724
0,1793,0.0055256737
0,1794,0.032067236
0,1795,0.14778197
0,1796,0.070348434
0,1797,0.012215431
0,1798,0.09257244
0,1799,0.0006101681
0,1800,0.15839863
0,1801,0.06600683
0,1802,0.1713809
0,1803,0.025771197
0,1804,-0.0011889385
0,1805,0.15108788
0,1806,0.0077144755
0,1807,0.06406795
0,1808,0.036042538
0,1809,0.09993964
0,1810,0.2562314
0,1811,0.07024842
0,1812,0.23938039
0,1813,0.017036911
0,1814,0.15188289
0,1815,0.16858578
0,1816,0.011874731
0,1817,-0.0007437216
0,1818,0.009534384
0,1819,0.056435343
0,1820,0.06803238
0,1821,0.15550202
0,1822,0.05914664
0,1823,0.10873651
0,1824,0.119873516
0,1825,0.14101976
0,1826,0.13483727
0,1827,0.03440612
0,1828,0.02414858
0,1829,0.18061918
0,1830,0.22853684
0,1831,0.04373097
0,1832,0.0038142754
0,1833,0.27780873
0,1834,0.060283568
0,1835,0.09795707
0,1836,0.09005638
0,1837,0.030595299
0,1838,0.04518312
0,1839,0.13050628
0,1840,0.08745264
0,1841,0.05483609
0,1842,0.10272413
0,1843,0.008085067
0,1844,0.21942788
0,1845,0.11275404
0,1846,0.17313144
0,1847,0.06889909
0,1848,0.035413083
0,1849,0.010174151
0,1850,0.17844224
0,1851,0.09458249
0,1852,0.043222364
0,1853,0.07808744
0,1854,0.12931556
0,1855,0.0011504246
0,1856,0.1602405
0,1857,0.110689156
0,1858,0.2691303
0,1859,0.07368576
0,1860,0.2135678
0,1861,0.079826884
0,1862,0.040514644
0,1863,0.0022340966
0,1864,0.06879281
0,1865,0.14408803
0,1866,0.2252028
0,1867,0.007425959
0,1868,0.05880123
0,1869,0.02232569
0,1870,0.07876199
0,1871,0.34145263
0,1872,0.04478502
0,1873,0.044695493
0,1874,0.0027587963
0,1875,0.16486996
0,1876,0.2865309
0,1877,0.049175914
0,1878,0.08213117
0,1879,0.05239385
0,1880,0.07169139
0,1881,0.1179558
0,1882,0.035647806
0,1883,0.010595406
0,1884,0.01383775
0,1885,0.08407121
0,1886,0.039349254
0,1887,0.004242773
0,1888,0.09318405
0,1889,0.1077392
0,1890,0.049352046
0,1891,0.12564
0,1892,0.051679965
0,1893,0.12594336
0,1894,0.076999776
0,1895,0.0077824546
0,1896,0.026432302
0,1897,0.052091595
0,1898,0.062790565
0,1899,0.0016484214
0,1900,0.03183752
0,1901,0.09116613
0,1902,0.05980557
0,1903,0.044986006
0,1904,0.009309645
0,1905,0.053470965
0,1906,0.018484738
0,1907,0.054059383
0,1908,0.009051557
0,1909,0.18309563
0,1910,0.036787506
0,1911,0.06151068
0,1912,0.07117795
0,1913,0.044838574
0,1914,0.035598394
0,1915,0.017197784
0,1916,0.010607119
0,1917,0.18985745
0,1918,0.11743527
0,1919,0.05573344
0,1920,0.08948629
0,1921,0.050423022
0,1922,0.04661977
0,1923,0.08717715
0,1924,0.041993972
0,1925,0.17375529
0,1926,0.11215585
0,1927,0.0073178364
0,1928,0.04339209
0,1929,-0.0018924819
0,1930,0.051168855
0,1931,0.17556378
0,1932,0.122539364
0,1933,0.052576598
0,1934,0.03919166
0,1935,0.03791642
0,1936,0.13717628
0,1937,0.08586984
0,1938,0.17234558
0,1939,0.027916815
0,1940,0.106763445
0,1941,0.08913066
0,1942,0.26945132
0,1943,0.083004884
0,1944,0.043319996
0,1945,0.047761854
0,1946,0.044955667
0,1947,0.13369572
0,1948,0.019847628
0,1949,0.010481293
0,1950,0.13009033
0,1951,0.08214011
0,1952,0.0059416844
0,1953,0.023094054
0,1954,0.097673945
0,1955,0.05134165
0,1956,0.06273883
0,1957,0.02226254
0,1958,0.0072352244
0,1959,0.027913984
0,1960,0.13217986
0,1961,-0.0009861635
0,1962,0.04484844
0,1963,0.013461257
0,1964,0.021689948
0,1965,0.11519971
0,1966,0.18943089
0,1967,0.019264992
0,1968,0.043262776
0,1969,0.0093336655
0,1970,0.0007156385
0,1971,0.12268966
0,1972,0.1476379
0,1973,0.07571652
0,1974,0.07946288
0,1975,0.06776383
0,1976,0.020276006
0,1977,0.058361944
0,1978,0.12513483
0,1979,0.08053773
0,1980,0.04724216
0,1981,0.08609896
0,1982,-0.0027338313
0,1983,0.019160982
0,1984,0.11234217
0,1985,0.10200762
0,1986,0.11103212
0,1987,0.030203518
0,1988,0.13819626
0,1989,0.027101304
0,1990,0.13021469
0,1991,0.08891951
0,1992,0.12209075
0,1993,0.12628889
0,1994,0.114851765
0,1995,0.015062208
0,1996,0.028945144
0,1997,0.05503523
0,1998,0.0061765863
0,1999,0.06348502
0,2000,0.040220853
0,2001,0.07652026
0,2002,0.14101997
0,2003,0.11900657
0,2004,0.013099368
0,2005,0.091007106
0,2006,0.13740414
0,2007,0.1746046
0,2008,0.0041564656
0,2009,0.11283862
0,2010,0.042909022
0,2011,0.04334646
0,2012,0.15697247
0,2013,-0.0038561272
0,2014,0.11466657
0,2015,0.14437857
0,2016,0.03501695
0,2017,0.05269527
0,2018,0.13184166
0,2019,0.16525581
0,2020,0.08221274
0,2021,0.030911442
0,2022,0.060944613
0,2023,0.039211985
0,2024,-0.003768389
0,2025,0.071414314
0,2026,0.16923925
0,2027,0.12404411
0,2028,0.14118817
0,2029,0.022001859
0,2030,-0.0015456723
0,2031,0.040154334
0,2032,0.10791471
0,2033,0.027611371
0,2034,0.09320598
0,2035,0.12810892
0,2036,0.021506872
0,2037,0.076992564
0,2038,0.106516175
0,2039,0.03332114
0,2040,0.053017315
0,2041,0.17275077
0,2042,0.16633084
0,2043,0.08981886
0,2044,0.043833908
0,2045,0.11398166
0,2046,0.1582304
0,2047,0.14068758
0,2048,0.061021145
0,2049,0.18130028
0,2050,0.011436398
0,2051,0.14996117
0,2052,0.102723025
0,2053,0.09647053
0,2054,0.13064754
0,2055,0.21421957
0,2056,0.03589445
0,2057,0.007723148
0,2058,0.015854117
0,2059,0.0016469909
0,2060,0.12982765
0,2061,0.22205019
0,2062,0.07190543
0,2063,0.097410314
0,2064,0.07905298
0,2065,0.02689099
0,2066,0.17735696
0,2067,0.23215932
0,2068,0.022753533
0,2069,0.02896997
0,2070,0.082700424
0,2071,0.03957313
0,2072,0.27866352
0,2073,0.07067733
0,2074,-0.0023860978
0,2075,0.0018935157
0,2076,0.019631203
0,2077,0.062710665
0,2078,0.093068056
0,2079,0.08854615
0,2080,0.03647041
0,2081,0.0719726
0,2082,0.028592374
0,2083,0.1776774
0,2084,0.12672341
0,2085,0.011742468
0,2086,0.10751077
0,2087,-0.0039944993
0,2088,0.028726455
0,2089,0.027731594
0,2090,0.0023262454
0,2091,0.091369264
0,2092,0.074860565
0,2093,0.09481674
0,2094,0.013222928
0,2095,0.040154215
0,2096,0.0075287772
0,2097,0.13063052
0,2098,0.023073312
0,2099,0.032181617
0,2100,0.078561656
0,2101,0.011652584
0,2102,0.00058644544
0,2103,0.033939894
0,2104,0.031696018
0,2105,0.064417414
0,2106,0.03257152
0,2107,0.15800977
0,2108,0.06677311
0,2109,0.0036674393
0,2110,0.06540524
0,2111,0.100898914
0,2112,0.017236825
0,2113,0.15333632
0,2114,0.13012472
0,2115,0.14268482
0,2116,0.08512228
0,2117,0.12090766
0,2118,0.15220258
0,2119,0.15329352
0,2120,0.06312161
0,2121,0.05394369
0,2122,0.037769135
0,2123,0.058601674
0,2124,0.12511307
0,2125,0.0231294
0,2126,-0.0038334178
0,2127,0.041508432
0,2128,0.111070715
0,2129,0.032668885
0,2130,0.43741727
0,2131,0.100594245
0,2132,0.14874321
0,2133,0.12344884
0,2134,0.18843386
0,2135,0.02351826
0,2136,0.335237
0,2137,0.03871357
0,2138,0.052778926
0,2139,0.040841933
0,2140,0.09843599
0,2141,0.05501115
0,2142,0.07041215
0,2143,0.20955777
0,2144,0.21740049
0,2145,0.12954777
0,2146,0.09817123
0,2147,0.06926703
0,2148,0.08881997
0,2149,0.07882171
0,2150,0.100580506
0,2151,0.112911455
0,2152,0.05288377
0,2153,0.094185166
0,2154,0.04383337
0,2155,0.072082154
0,2156,0.087018244
0,2157,0.059266206
0,2158,0.093949966
0,2159,0.016913291
0,2160,0.104438506
0,2161,-0.00025761593
0,2162,0.089549534
0,2163,0.32663304
0,2164,0.029713389
0,2165,-0.0038121985
0,2166,0.020505961
0,2167,0.19489664
0,2168,0.21204203
0,2169,0.10431676
0,2170,0.0708166
0,2171,-0.00080055464
0,2172,0.023444172
0,2173,0.17299893
0,2174,-0.0021872567
0,2175,0.060894784
0,2176,0.027062412
0,2177,0.048113164
0,2178,0.10521745
0,2179,-0.0029695677
0,2180,0.16693318
0,2181,0.05946329
0,2182,0.064432435
0,2183,0.008395667
0,2184,0.1929675
0,2185,0.009326096
0,2186,0.052649673
0,2187,0.03974187
0,2188,0.09167688
0,2189,0.017548498
0,2190,0.1402539
0,2191,-0.004485552
0,2192,-0.0032213973
0,2193,0.08976852
0,2194,0.1001051
0,2195,0.06496137
0,2196,0.1323151
0,2197,0.10692554
0,2198,0.20485738
0,2199,0.20468897
0,2200,0.26199418
0,2201,0.102965854
0,2202,0.07701137
0,2203,0.09504815
0,2204,0.016284283
0,2205,-0.00084534753
0,2206,0.06828778
0,2207,0.16151142
0,2208,0.022029217
0,2209,0.096635334
0,2210,0.035721716
0,2211,0.014054532
0,2212,0.09964811
0,2213,0.15081298
0,2214,0.16526961
0,2215,0.01759177
0,2216,0.2114293
0,2217,0.09122335
0,2218,-0.0009541558
0,2219,0.0047277166
0,2220,0.13460258
0,2221,0.043669876
0,2222,0.05010378
0,2223,0.03865641
0,2224,0.0885218
0,2225,-0.0007433342
0,2226,0.1806879
0,2227,0.1281473
0,2228,0.02059948
0,2229,0.10870244
0,2230,0.061448272
0,2231,0.022149917
0,2232,0.0007806076
0,2233,0.008639867
0,2234,3.750436e-06
0,2235,0.15764678
0,2236,0.14166552
0,2237,0.020481642
0,2238,0.19866544
0,2239,0.058333065
0,2240,0.05434769
0,2241,0.12479996
0,2242,0.0051667048
0,2243,0.023402628
0,2244,0.15304273
0,2245,0.10504385
0,2246,-0.00032699574
0,2247,0.14875591
0,2248,0.04566675
0,2249,0.0053630425
0,2250,0.041306343
0,2251,0.04380023
0,2252,0.073000275
0,2253,0.18004158
0,2254,0.01393884
0,2255,0.059435602
0,2256,0.25931996
0,2257,-0.0017257081
0,2258,0.05045944
0,2259,0.14185649
0,2260,0.013978477
0,2261,0.059659895
0,2262,0.046097185
0,2263,0.06481665
0,2264,0.12938666
0,2265,0.02933475
0,2266,0.2147075
0,2267,0.06317585
0,2268,0.07853549
0,2269,0.15189779
0,2270,0.098002724
0,2271,0.18692577
0,2272,0.000265236
0,2273,0.053504284
0,2274,0.15342647
0,2275,0.15047017
0,2276,0.09014162
0,2277,0.014973636
0,2278,0.19620103
0,2279,0.026039477
0,2280,0.012585099
0,2281,0.2669741
0,2282,0.22303388
0,2283,0.081477456
0,2284,0.059818085
0,2285,0.090107374
0,2286,0.29611915
0,2287,0.028864857
0,2288,0.04542124
0,2289,0.0636945
0,2290,0.2753361
0,2291,0.39773288
0,2292,0.075555734
0,2293,0.13202602
0,2294,0.004263337
0,2295,0.049747374
0,2296,0.24937853
0,2297,0.22418505
0,2298,0.11926996
0,2299,0.021790888
0,2300,0.17956677
0,2301,0.09328567
0,2302,0.0018726541
0,2303,0.20046759
0,2304,0.018087443
0,2305,0.016773578
0,2306,0.3281256
0,2307,0.09223663
0,2308,0.32314152
0,2309,0.008131678
0,2310,-0.002377008
0,2311,0.050647672
0,2312,0.029726055
0,2313,0.1214987
0,2314,0.08540463
0,2315,0.0100834025
0,2316,0.19869837
0,2317,0.11828046
0,2318,0.21820733
0,2319,0.14439869
0,2320,0.077916645
0,2321,0.054521795
0,2322,0.16064373
0,2323,0.0022473289
0,2324,0.2277565
0,2325,0.0025294377
0,2326,0.0531885
0,2327,0.15960217
0,2328,0.113434665
0,2329,0.060042437
0,2330,0.063491635
0,2331,0.13690704
0,2332,0.023746964
0,2333,0.012568588
0,2334,0.22024378
0,2335,0.18184417
0,2336,0.18024218
0,2337,0.053384837
0,2338,0.022570606
0,2339,0.17012525
0,2340,0.053322073
0,2341,0.02859461
0,2342,0.061862912
0,2343,0.07321378
0,2344,0.0051818443
0,2345,0.1252754
0,2346,0.053933736
0,2347,0.005294676
0,2348,0.15176591
0,2349,-0.0018945383
0,2350,0.1444655
0,2351,0.044306275
0,2352,0.10926487
0,2353,-0.0016239928
0,2354,0.12000006
0,2355,0.17067951
0,2356,0.15964076
0,2357,0.03244063
0,2358,0.3054374
0,2359,0.0013149334
0,2360,0.0027776016
0,2361,0.0673139
0,2362,0.028217968
0,2363,0.0105276955
0,2364,0.103995584
0,2365,0.15297976
0,2366,0.037702885
0,2367,0.12768531
0,2368,0.25753483
0,2369,0.32770658
0,2370,0.113015704
0,2371,0.12992477
0,2372,-0.0002467679
0,2373,0.033436056
0,2374,0.33257055
0,2375,0.004209335
0,2376,-0.0012581991
0,2377,0.0029231263
0,2378,0.4191652
0,2379,0.0389882
0,2380,0.0050390316
0,2381,0.051367875
0,2382,0.05055448
0,2383,0.0024178578
0,2384,0.10090911
0,2385,0.025966879
0,2386,0.19164735
0,2387,0.04248902
0,2388,-0.002388631
0,2389,0.01985484
0,2390,0.13117245
0,2391,0.06765481
0,2392,0.086867444
0,2393,0.008402879
0,2394,0.12663937
0,2395,0.024384674
0,2396,0.24277231
0,2397,0.037846442
0,2398,0.02390745
0,2399,0.13677406
0,2400,0.22633165
0,2401,0.17407155
0,2402,0.12656039
0,2403,0.02423155
0,2404,0.081071846
0,2405,0.19467732
0,2406,0.017114457
0,2407,0.061485197
0,2408,0.15586713
0,2409,0.18256244
0,2410,0.035911378
0,2411,0.12410461
0,2412,0.24977392
0,2413,0.2822675
0,2414,0.23273319
0,2415,0.028846499
0,2416,0.048830446
0,2417,0.18350333
0,2418,0.2508533
0,2419,0.3606155
0,2420,0.27513742
0,2421,0.07713901
0,2422,0.06422954
0,2423,0.019297894
0,2424,0.11378395
0,2425,0.16682309
0,2426,0.08981418
0,2427,0.11159488
0,2428,0.00030248892
0,2429,0.015481914
0,2430,0.034973558
0,2431,0.21218365
0,2432,0.04205584
0,2433,0.06340944
0,2434,0.22396445
0,2435,0.031174775
0,2436,0.10706984
0,2437,0.026594099
0,2438,0.10638999
0,2439,0.14825794
0,2440,0.09070053
0,2441,0.10410827
0,2442,0.012715573
0,2443,0.22992581
0,2444,0.051757004
0,2445,0.000254686
0,2446,0.06664973
0,2447,0.107669465
0,2448,0.028410044
0,2449,0.00060837995
0,2450,0.10547095
0,2451,0.28939584
0,2452,0.07527738
0,2453,0.16384932
0,2454,0.13797641
0,2455,0.06336733
0,2456,0.042743023
0,2457,0.053906556
0,2458,0.11801284
0,2459,0.07656925
0,2460,0.27586207
0,2461,0.13039511
0,2462,0.03196576
0,2463,0.08253222
0,2464,-0.0020570206
0,2465,0.03362685
0,2466,0.08304375
0,2467,0.17343372
0,2468,0.09129804
0,2469,0.09527456
0,2470,0.015829917
0,2471,0.26142398
0,2472,0.05518922
0,2473,0.0013842238
0,2474,0.007112558
0,2475,0.002642746
0,2476,0.12610978
0,2477,0.07764336
0,2478,0.0906566
0,2479,0.046360876
0,2480,0.16153824
0,2481,0.054222193
0,2482,0.25109625
0,2483,0.15623897
0,2484,0.25033274
0,2485,0.035993274
0,2486,0.05362716
0,2487,0.042689797
0,2488,0.116048746
0,2489,0.17722446
0,2490,0.041580375
0,2491,0.060445007
0,2492,0.06675326
0,2493,0.060725506
0,2494,0.046971913
0,2495,0.1585173
0,2496,0.12502939
0,2497,0.036623772
0,2498,0.055335518
0,2499,0.13248584
0,2500,0.10646089
0,2501,0.12401723
0,2502,0.102902316
0,2503,0.058792617
0,2504,0.027130183
0,2505,0.118129425
0,2506,0.003551568
0,2507,0.0013285531
0,2508,0.13289249
0,2509,0.15964085
0,2510,0.059534457
0,2511,0.0009978963
0,2512,0.01724064
0,2513,0.06659313
0,2514,0.12043112
0,2515,0.19593343
0,2516,0.017587539
0,2517,0.11318656
0,2518,0.099462144
0,2519,0.0850931
0,2520,0.12829846
0,2521,0.06397953
0,2522,0.03549194
0,2523,0.14292663
0,2524,0.1313811
0,2525,0.11042064
0,2526,0.23554122
0,2527,0.2540757
0,2528,0.029052433
0,2529,0.29827434
0,2530,0.014616574
0,2531,0.065461986
0,2532,0.13355929
0,2533,0.06316703
0,2534,0.035683807
0,2535,0.09782579
0,2536,0.13227779
0,2537,0.21455342
0,2538,0.07016306
0,2539,0.17264062
0,2540,0.041241523
0,2541,0.049606975
0,2542,0.034933086
0,2543,0.076298885
0,2544,0.039659347
0,2545,0.020240124
0,2546,0.009280737
0,2547,0.05444872
0,2548,0.16234416
0,2549,0.010985787
0,2550,0.060888138
0,2551,0.0395793
0,2552,0.028388854
0,2553,0.13221848
0,2554,0.05476406
0,2555,0.100431375
0,2556,0.042582747
0,2557,0.1607934
0,2558,0.02298164
0,2559,0.032870945
0,2560,0.011532064
0,2561,0.21664196
0,2562,0.0035239412
0,2563,0.09928533
0,2564,0.12724781
0,2565,0.10024201
0,2566,0.07323711
0,2567,0.008723344
0,2568,0.097060226
0,2569,0.067773364
0,2570,0.06502395
0,2571,0.15304226
0,2572,0.15270686
0,2573,0.102572374
0,2574,0.039870556
0,2575,0.14331353
0,2576,0.011132891
0,2577,0.023532864
0,2578,0.028234478
0,2579,0.13137975
0,2580,0.01990896
0,2581,0.014639492
0,2582,0.06766348
0,2583,0.001219268
0,2584,0.10573145
0,2585,0.114040725
0,2586,0.1757173
0,2587,0.020668682
0,2588,0.037896093
0,2589,0.16832876
0,2590,0.04053956
0,2591,0.05561542
0,2592,0.032907125
0,2593,0.085053764
0,2594,0.021198448
0,2595,0.059541997
0,2596,0.05325773
0,2597,0.1073566
0,2598,0.016287204
0,2599,0.021159347
0,2600,0.23600793
0,2601,0.09558635
0,2602,0.063619904
0,2603,0.033453133
0,2604,0.111483745
0,2605,0.07655614
0,2606,0.18483701
0,2607,0.078184955
0,2608,-0.00012785662
0,2609,0.16038364
0,2610,0.06285017
0,2611,0.08498406
0,2612,0.38402903
0,2613,0.020418342
0,2614,0.088239186
0,2615,0.110065304
0,2616,0.008834834
0,2617,0.020752843
0,2618,0.13242987
0,2619,0.11617427
0,2620,0.17090884
0,2621,0.08218839
0,2622,0.044283923
0,2623,0.17579222
0,2624,0.14467835
0,2625,0.14706278
0,2626,0.12205421
0,2627,0.2098707
0,2628,0.062084135
0,2629,0.17722762
0,2630,0.075493805
0,2631,0.031008538
0,2632,0.05290472
0,2633,0.03317171
0,2634,0.051929887
0,2635,0.051313337
0,2636,0.053792533
0,2637,0.12376576
0,2638,0.13379344
0,2639,0.060585435
0,2640,0.07187634
0,2641,0.038521584
0,2642,0.030846324
0,2643,0.02156296
0,2644,0.08720132
0,2645,0.12990746
0,2646,0.14914158
0,2647,0.06962829
0,2648,0.047205146
0,2649,0.06857561
0,2650,0.0877307
0,2651,0.14984414
0,2652,0.08748453
0,2653,0.030884173
0,2654,0.25009277
0,2655,0.07857024
0,2656,0.042455193
0,2657,0.19723633
0,2658,0.085380904
0,2659,0.06129208
0,2660,0.034173068
0,2661,0.15394926
0,2662,0.0721594
0,2663,0.016233083
0,2664,0.11881142
0,2665,0.0049413396
0,2666,0.16063195
0,2667,0.11057826
0,2668,0.18126479
0,2669,0.020132478
0,2670,0.12974393
0,2671,0.15313733
0,2672,0.11181872
0,2673,0.089995705
0,2674,0.06755691
0,2675,0.029279824
0,2676,0.028050657
0,2677,0.12600255
0,2678,0.09515666
0,2679,0.0026039733
0,2680,0.050400075
0,2681,0.039910015
0,2682,0.00046622287
0,2683,0.081559174
0,2684,0.1232551
0,2685,-0.0030669617
0,2686,0.13350314
0,2687,0.04409575
0,2688,0.05094826
0,2689,0.08661317
0,2690,0.1913074
0,2691,0.24380952
0,2692,0.16865677
0,2693,0.07761078
0,2694,0.16417298
0,2695,0.070669286
0,2696,-0.0009748982
0,2697,0.05507758
0,2698,0.11055338
0,2699,0.037538614
0,2700,0.025856253
0,2701,0.03804266
0,2702,0.21880004
0,2703,0.13085201
0,2704,0.050441798
0,2705,0.12353986
0,2706,0.072187744
0,2707,-0.0045869397
0,2708,0.1857574
0,2709,0.09214776
0,2710,0.14542943
0,2711,0.045189735
0,2712,0.02045789
0,2713,0.13742393
0,2714,0.08806705
0,2715,-0.004954879
0,2716,0.035589334
0,2717,0.11191278
0,2718,0.009009297
0,2719,0.025377717
0,2720,0.096764706
0,2721,0.036632624
0,2722,0.0033817543
0,2723,0.109965764
0,2724,0.06285032
0,2725,0.029895362
0,2726,0.038233694
0,2727,0.08428448
0,2728,0.02697223
0,2729,0.0012188507
0,2730,0.0058493568
0,2731,0.17095494
0,2732,0.12607095
0,2733,0.06297707
0,2734,0.03372621
0,2735,0.08257579
0,2736,0.17753059
0,2737,0.22056252
0,2738,0.17917415
0,2739,0.12745589
0,2740,0.034832235
0,2741,0.09122258
0,2742,0.046895083
0,2743,0.0013524247
0,2744,-0.00093538035
0,2745,0.012504931
0,2746,0.19101495
0,2747,0.0024899198
0,2748,0.0916745
0,2749,0.06626981
0,2750,0.019731697
0,2751,0.14022067
0,2752,0.058979925
0,2753,0.1361365
0,2754,0.065184645
0,2755,0.15998945
0,2756,0.05927789
0,2757,0.13083076
0,2758,0.037867542
0,2759,0.04730993
0,2760,0.057098445
0,2761,0.004691894
0,2762,0.04943299
0,2763,0.030392464
0,2764,0.100450866
0,2765,0.23775983
0,2766,0.08126231
0,2767,0.04130092
0,2768,0.11955827
0,2769,0.019956406
0,2770,0.08225291
0,2771,-0.0046179937
0,2772,0.021861698
0,2773,0.041496422
0,2774,0.11079305
0,2775,-0.0014305161
0,2776,0.034078237
0,2777,0.061687347
0,2778,0.10941725
0,2779,0.12682766
0,2780,0.034759697
0,2781,0.08105498
0,2782,0.21141133
0,2783,0.115561925
0,2784,0.06331106
0,2785,0.15364021
0,2786,0.025725957
0,2787,0.12910256
0,2788,0.004575963
0,2789,0.0014255596
0,2790,0.08293619
0,2791,0.120948635
0,2792,0.19913483
0,2793,0.1661292
0,2794,0.43230867
0,2795,0.039834972
0,2796,0.17987704
0,2797,0.0942175
0,2798,0.1842725
0,2799,0.03957289
0,2800,0.05975234
0,2801,-0.004993682
0,2802,0.20604748
0,2803,0.12095141
0,2804,0.047835167
0,2805,0.120553784
0,2806,0.10524165
0,2807,0.038142618
0,2808,0.16862166
0,2809,0.0048128916
0,2810,0.018713024
0,2811,0.11417212
0,2812,0.09720319
0,2813,0.10829478
0,2814,0.08385264
0,2815,0.11920326
0,2816,0.02351087
0,2817,0.10603004
0,2818,0.010280008
0,2819,0.002648945
0,2820,0.0008588983
0,2821,0.13130313
0,2822,0.13102147
0,2823,0.10227882
0,2824,0.05730551
0,2825,0.0024598194
0,2826,0.2951818
0,2827,0.10651737
0,2828,0.0068386747
0,2829,0.21830401
0,2830,0.029263493
0,2831,0.007982011
0,2832,0.12009465
0,2833,0.054855164
0,2834,0.14293146
0,2835,0.17486191
0,2836,0.12438636
0,2837,-0.00046146382
0,2838,0.089268886
0,2839,0.08724778
0,2840,0.03941166
0,2841,0.13945192
0,2842,0.18592244
0,2843,0.047844168
0,2844,0.2404477
0,2845,0.19839802
0,2846,0.047926392
0,2847,0.08685159
0,2848,0.0012123538
0,2849,0.04136115
0,2850,0.092272066
0,2851,0.06313082
0,2852,0.15328372
0,2853,0.0937032
0,2854,0.05449265
0,2855,0.024529453
0,2856,0.02959257
0,2857,0.016658839
0,2858,0.23901427
0,2859,0.0717225
0,2860,0.083328955
0,2861,0.11701956
0,2862,0.09170329
0,2863,0.11385398
0,2864,-0.0030348347
0,2865,0.012306447
0,2866,0.20822653
0,2867,0.020917054
0,2868,0.21085703
0,2869,0.049633738
0,2870,0.19770434
0,2871,0.03405502
0,2872,0.059401
0,2873,0.045703705
0,2874,0.05476257
0,2875,0.20450291
0,2876,0.10179233
0,2877,0.005095954
0,2878,0.039025184
0,2879,0.020956662
0,2880,0.03947335
0,2881,0.0871691
0,2882,0.14414856
0,2883,0.007675941
0,2884,0.026865449
0,2885,0.0230554
0,2886,0.014236088
0,2887,0.09829401
0,2888,0.05008432
0,2889,0.075398676
0,2890,0.1022725
0,2891,0.07041555
0,2892,0.24780607
0,2893,0.02037054
0,2894,0.1638025
0,2895,0.14060485
0,2896,0.09744402
0,2897,0.036828753
0,2898,0.12997925
0,2899,-0.0013936209
0,2900,0.04313874
0,2901,0.02463406
0,2902,0.115378015
0,2903,0.08492585
0,2904,0.10402923
0,2905,0.25617394
0,2906,0.021076318
0,2907,0.031733926
0,2908,0.13627714
0,2909,0.04929706
0,2910,0.05146372
0,2911,0.0835427
0,2912,0.14648473
0,2913,0.33585498
0,2914,0.094076775
0,2915,0.11815324
0,2916,0.04747474
0,2917,0.027632322
0,2918,0.028025385
0,2919,0.14451993
0,2920,0.07149943
0,2921,0.012442107
0,2922,0.026548859
0,2923,0.09679895
0,2924,0.039999988
0,2925,0.09277766
0,2926,0.11579835
0,2927,0.1103301
0,2928,0.016258534
0,2929,0.25936878
0,2930,0.02660137
0,2931,0.032270964
0,2932,0.0622071
0,2933,0.02963167
0,2934,0.036916282
0,2935,0.025627729
0,2936,0.083805494
0,2937,0.027386423
0,2938,0.047177132
0,2939,0.06979444
0,2940,0.12356358
0,2941,0.14259607
0,2942,0.00031673443
0,2943,0.09742605
0,2944,0.02687746
0,2945,0.05636775
0,2946,0.061982747
0,2947,0.108040564
0,2948,0.096427225
0,2949,0.09210908
0,2950,0.090848856
0,2951,0.07674026
0,2952,0.11028796
0,2953,0.09108936
0,2954,0.28227338
0,2955,0.22026074
0,2956,0.19227618
0,2957,0.063931696
0,2958,0.029088017
0,2959,0.045093503
0,2960,0.0051298095
0,2961,0.025238033
0,2962,0.10203623
0,2963,0.010798867
0,2964,0.023975011
0,2965,0.17056364
0,2966,0.07321762
0,2967,0.016283896
0,2968,0.029019263
0,2969,0.0123214675
0,2970,0.18694279
0,2971,0.0486381
0,2972,0.04413193
0,2973,0.04473674
0,2974,0.015132661
0,2975,0.029306527
0,2976,0.031531032
0,2977,0.05304044
0,2978,0.026578363
0,2979,0.056381997
0,2980,0.049988504
0,2981,0.16904783
0,2982,0.10848945
0,2983,0.2010372
0,2984,0.0017101718
0,2985,0.06949448
0,2986,0.23104692
0,2987,0.17292958
0,2988,0.13972533
0,2989,0.17682943
0,2990,0.20557559
0,2991,0.12591755
0,2992,0.011750991
0,2993,0.0040991856
0,2994,0.087502055
0,2995,0.01746529
0,2996,0.27877045
0,2997,0.16152257
0,2998,0.07392233
0,2999,0.080045156
0,3000,0.0362786
0,3001,0.18250895
0,3002,0.058381107
0,3003,0.00034880172
0,3004,0.021897253
0,3005,0.10265123
0,3006,0.030242141
0,3007,0.21586636
0,3008,0.020055529
0,3009,0.025332507
0,3010,0.046142336
0,3011,0.15009612
0,3012,0.04231542
0,3013,0.04380518
0,3014,0.038037594
0,3015,0.084611945
0,3016,0.03610706
0,3017,0.08492618
0,3018,0.18437603
0,3019,0.03046554
0,3020,0.15959918
0,3021,0.014882023
0,3022,0.005839224
0,3023,0.13246834
0,3024,0.048708733
0,3025,0.03842395
0,3026,0.07987218
0,3027,0.06278207
0,3028,0.022127386
0,3029,0.016584273
0,3030,0.026146468
0,3031,0.016413923
0,3032,0.16139293
0,3033,0.025944259
0,3034,0.00087648164
0,3035,0.17067668
0,3036,0.09208926
0,3037,0.11500638
0,3038,0.029309269
0,3039,0.0038497997
0,3040,0.09081238
0,3041,0.11314719
0,3042,0.057877894
0,3043,0.14319006
0,3044,0.048411902
0,3045,0.0385825
0,3046,-0.0011436986
0,3047,0.1900996
0,3048,0.14343786
0,3049,0.13893971
0,3050,0.09686171
0,3051,0.028452363
0,3052,0.044546124
0,3053,0.0040533496
0,3054,0.008744712
0,3055,0.057601597
0,3056,0.20583934
0,3057,0.112355374
0,3058,0.07232451
0,3059,0.08935081
0,3060,0.031694528
0,3061,0.11545586
0,3062,-0.002243285
0,3063,0.10869207
0,3064,0.33436897
0,3065,0.054941293
0,3066,0.12282311
0,3067,0.04640701
0,3068,0.018510457
0,3069,-0.0009383904
0,3070,0.01464438
0,3071,0.048853572
0,3072,0.06556394
0,3073,0.27316096
0,3074,0.1576423
0,3075,0.041272517
0,3076,0.0659117
0,3077,0.16598067
0,3078,0.0832042
0,3079,0.2581342
0,3080,0.0803506
0,3081,0.050705906
0,3082,0.12559694
0,3083,0.09940242
0,3084,0.08320951
0,3085,0.13593745
0,3086,0.023769196
0,3087,0.00045853388
0,3088,0.051126238
0,3089,0.026785012
0,3090,0.10002094
0,3091,0.057821926
0,3092,0.0732904
0,3093,0.20578149
0,3094,0.0042927517
0,3095,0.21659157
0,3096,0.03678381
0,3097,0.06342923
0,3098,0.07350724
0,3099,0.01016968
0,3100,0.07147374
0,3101,0.049409803
0,3102,0.0528686
0,3103,0.07632183
0,3104,0.09454029
0,3105,0.0040401174
0,3106,0.11920249
0,3107,0.0247727
0,3108,0.08544888
0,3109,0.09698003
0,3110,-0.0037241029
0,3111,0.0851975
0,3112,0.10718834
0,3113,0.12159657
0,3114,0.018228408
0,3115,0.005000348
0,3116,0.14046252
0,3117,0.048751947
0,3118,0.083929054
0,3119,0.123059325
0,3120,0.27346623
0,3121,0.1443454
0,3122,0.09348517
0,3123,0.041175243
0,3124,0.059835073
0,3125,0.044766482
0,3126,0.13783634
0,3127,0.043801542
0,3128,0.0823802
0,3129,-0.0030447291
0,3130,0.070664756
0,3131,0.0673772
0,3132,0.08928799
0,3133,0.018534597
0,3134,0.30101824
0,3135,0.02671897
0,3136,0.070292644
0,3137,0.16831774
0,3138,0.013692732
0,3139,0.14546442
0,3140,0.032151338
0,3141,0.18321604
0,3142,0.23664013
0,3143,0.17247367
0,3144,0.053210374
0,3145,0.04897773
0,3146,0.0586251
0,3147,0.059211727
0,3148,0.2504304
0,3149,0.008637245
0,3150,0.05199152
0,3151,0.14347458
0,3152,0.048379358
0,3153,0.0677126
0,3154,0.07093751
0,3155,0.16094539
0,3156,0.03781062
0,3157,0.17249903
0,3158,0.06522214
0,3159,0.19651389
0,3160,0.037891325
0,3161,0.11777138
0,3162,0.10929134
0,3163,0.04721841
0,3164,0.0016974164
0,3165,0.03979486
0,3166,0.047445174
0,3167,0.1132307
0,3168,0.08413129
0,3169,0.0484938
0,3170,0.017093714
0,3171,0.07268619
0,3172,0.02163231
0,3173,0.010092552
0,3174,-0.0015382813
0,3175,0.12555969
0,3176,0.17124006
0,3177,0.09140854
0,3178,0.08105495
0,3179,0.2013188
0,3180,0.061304834
0,3181,0.025593396
0,3182,0.16219255
0,3183,-0.0036441134
0,3184,0.035628375
0,3185,0.047224816
0,3186,0.088872366
0,3187,0.025914785
0,3188,0.02537125
0,3189,0.030497488
0,3190,0.083401166
0,3191,0.18762401
0,3192,0.07078873
0,3193,0.034799602
0,3194,0.30632725
0,3195,0.056272086
0,3196,0.0644116
0,3197,0.1353294
0,3198,0.058742102
0,3199,0.013672943
0,3200,0.06825154
0,3201,0.03899881
0,3202,0.028557416
0,3203,0.09808426
0,3204,0.06374981
0,3205,0.067593865
0,3206,0.08364832
0,3207,0.06765478
0,3208,0.1271249
0,3209,0.037107047
0,3210,0.1389656
0,3211,0.016198453
0,3212,0.06491452
0,3213,0.075617366
0,3214,0.18601745
0,3215,0.15156662
0,3216,0.027703162
0,3217,0.10549071
0,3218,0.04337245
0,3219,0.037177797
0,3220,0.1617685
0,3221,0.08724328
0,3222,0.0035475446
0,3223,-0.004382794
0,3224,0.108370595
0,3225,0.08794396
0,3226,0.080134206
0,3227,0.05132049
0,3228,0.10178807
0,3229,0.064228706
0,3230,0.013602848
0,3231,0.03842571
0,3232,0.027046975
0,3233,0.013474162
0,3234,0.0447517
0,3235,0.17586952
0,3236,0.07334041
0,3237,0.056421574
0,3238,0.08045899
0,3239,0.07970434
0,3240,0.09733843
0,3241,0.06745481
0,3242,0.13981196
0,3243,0.0027650548
0,3244,0.17618906
0,3245,0.16317576
0,3246,0.06143075
0,3247,0.11226129
0,3248,0.078005634
0,3249,0.06108969
0,3250,0.20270944
0,3251,0.06828224
0,3252,0.02592903
0,3253,0.0142486645
0,3254,0.16496465
0,3255,0.0009288145
0,3256,0.07189857
0,3257,0.0012081815
0,3258,0.06428873
0,3259,0.013953443
0,3260,0.11891862
0,3261,0.015898045
0,3262,0.0030667735
0,3263,0.084304236
0,3264,0.050815936
0,3265,0.05437469
0,3266,0.047843095
0,3267,0.024387952
0,3268,0.016369876
0,3269,0.03285479
0,3270,0.115905486
0,3271,0.04279655
0,3272,0.23196387
0,3273,0.13430929
0,3274,0.07282709
0,3275,0.102689765
0,3276,0.02298617
0,3277,0.01687714
0,3278,0.0049018813
0,3279,0.06674384
0,3280,0.02168965
0,3281,0.010678227
0,3282,0.08181133
0,3283,0.032489683
0,3284,0.08399426
0,3285,0.036821064
0,3286,0.17026353
0,3287,0.021835204
0,3288,0.054310944
0,3289,0.12898678
0,3290,0.047149118
0,3291,0.1428361
0,3292,0.034926172
0,3293,0.03469604
0,3294,0.07911711
0,3295,0.122418396
0,3296,0.06954592
0,3297,0.098942034
0,3298,0.004438634
0,3299,0.024696048
0,3300,0.21585411
0,3301,0.13143313
0,3302,0.032816764
0,3303,0.009156103
0,3304,0.037293073
0,3305,0.046765443
0,3306,0.0927444
0,3307,0.06665494
0,3308,0.2156471
0,3309,0.062388595
0,3310,0.046667095
0,3311,0.018125352
0,3312,0.06737345
0,3313,0.03357112
0,3314,0.066431634
0,3315,0.019740935
0,3316,0.21889836
0,3317,0.05049276
0,3318,0.09072184
0,3319,0.086092524
0,3320,0.06391286
0,3321,0.10464596
0,3322,0.14077023
0,3323,0.05893075
0,3324,0.0057529463
0,3325,0.073588364
0,3326,0.31537074
0,3327,0.2125239
0,3328,0.29282218
0,3329,0.09496399
0,3330,0.02605253
0,3331,0.039373633
0,3332,0.0087768985
0,3333,-0.0047876285
0,3334,0.07171535
0,3335,0.14461687
0,3336,0.04411396
0,3337,0.030622121
0,3338,0.12819004
0,3339,0.11631032
0,3340,0.05841377
0,3341,0.10819196
0,3342,0.023852583
0,3343,0.04132619
0,3344,0.007566179
0,3345,0.16751924
0,3346,0.0050259186
0,3347,0.09866484
0,3348,0.30504796
0,3349,-0.0021830844
0,3350,0.049242493
0,3351,0.2194922
0,3352,0.09979563
0,3353,0.0068269623
0,3354,0.086303644
0,3355,0.1318686
0,3356,0.04885852
0,3357,0.12174111
0,3358,0.067829184
0,3359,0.14444023
0,3360,0.027291533
0,3361,0.0846973
0,3362,0.06413322
0,3363,0.08650493
0,3364,0.119109206
0,3365,0.11549162
0,3366,0.019877966
0,3367,0.07626378
0,3368,0.110225044
0,3369,0.09799408
0,3370,0.06174111
0,3371,0.09997138
0,3372,0.017783698
0,3373,0.21084213
0,3374,0.06354796
0,3375,0.04581934
0,3376,0.032196876
0,3377,0.055825647
0,3378,0.088573895
0,3379,0.08380877
0,3380,0.12738332
0,3381,-0.004226451
0,3382,0.1290077
0,3383,0.005140598
0,3384,0.06910282
0,3385,0.00029545557
0,3386,0.077680014
0,3387,0.00876456
0,3388,0.0793918
0,3389,0.07013791
0,3390,-0.002428119
0,3391,0.09878617
0,3392,0.037593063
0,3393,-0.0049495148
0,3394,-0.002481644
0,3395,0.10814463
0,3396,0.13603726
0,3397,0.14198366
0,3398,0.11181884
0,3399,0.22563362
0,3400,0.20186797
0,3401,0.025654849
0,3402,0.015467818
0,3403,0.09280824
0,3404,0.0959013
0,3405,0.0039502336
0,3406,0.11961835
0,3407,0.008324738
0,3408,0.13056967
0,3409,0.014488603
0,3410,0.08622735
0,3411,0.17862707
0,3412,0.067883186
0,3413,0.041980084
0,3414,0.1476911
0,3415,0.13721472
0,3416,0.019014057
0,3417,0.1287396
0,3418,0.036261853
0,3419,0.02910569
0,3420,0.29670224
0,3421,0.06760719
0,3422,0.2755884
0,3423,0.044058766
0,3424,0.2838834
0,3425,0.12223535
0,3426,0.0145847155
0,3427,0.089688115
0,3428,0.14326748
0,3429,0.2527202
0,3430,0.17200214
0,3431,0.007458384
0,3432,0.06671371
0,3433,0.15241414
0,3434,0.20949355
0,3435,0.029912796
0,3436,0.16045004
0,3437,0.0037039472
0,3438,-0.0007858919
0,3439,0.032462593
0,3440,0.086429946
0,3441,0.17830604
0,3442,0.180338
0,3443,0.13442224
0,3444,0.06257983
0,3445,0.14488018
0,3446,-0.0037710117
0,3447,0.13648915
0,3448,0.05746072
0,3449,0.103384696
0,3450,0.00702786
0,3451,0.06657302
0,3452,0.026418533
0,3453,0.12498646
0,3454,0.013395543
0,3455,0.11925321
0,3456,0.06970226
0,3457,0.05146342
0,3458,0.054609057
0,3459,0.1891295
0,3460,0.1312576
0,3461,0.05662563
0,3462,0.035163697
0,3463,0.09701382
0,3464,0.07419475
0,3465,0.047829386
0,3466,0.036572214
0,3467,0.046820607
0,3468,0.16849005
0,3469,0.040450122
0,3470,0.14333844
0,3471,0.14267051
0,3472,0.0036857678
0,3473,0.13893858
0,3474,0.10263007
0,3475,-0.0018602358
0,3476,0.017943855
0,3477,0.14475754
0,3478,0.1676436
0,3479,0.09113049
0,3480,0.025938388
0,3481,0.105754666
0,3482,0.019101854
0,3483,0.08594882
0,3484,0.15131178
0,3485,0.06667476
0,3486,0.27009058
0,3487,0.1314339
0,3488,0.07711976
0,3489,0.21689782
0,3490,0.07258808
0,3491,0.18524364
0,3492,0.050723728
0,3493,0.1975156
0,3494,0.08480405
0,3495,0.15629512
0,3496,0.17995241
0,3497,0.058604654
0,3498,0.083149604
0,3499,0.0093852235
0,3500,0.09445905
0,3501,0.26225603
0,3502,0.18223429
0,3503,0.03199243
0,3504,0.20846465
0,3505,0.05728012
0,3506,0.019121971
0,3507,0.016413804
0,3508,0.030171212
0,3509,0.33407244
0,3510,0.14943501
0,3511,0.07488605
0,3512,0.036359545
0,3513,0.06700527
0,3514,0.14169449
0,3515,0.12559578
0,3516,0.0051896526
0,3517,0.026434656
0,3518,0.022878882
0,3519,0.04063123
0,3520,-0.0043709623
0,3521,0.08962124
0,3522,0.060489353
0,3523,-0.0014454173
0,3524,0.08047273
0,3525,0.007039006
0,3526,-0.004314189
0,3527,0.15857998
0,3528,0.0091645075
0,3529,0.03239852
0,3530,-0.0042491006
0,3531,0.10086899
0,3532,0.1575588
0,3533,0.04866546
0,3534,0.055700894
0,3535,0.055574086
0,3536,0.014509912
0,3537,0.02144831
0,3538,0.095671766
0,3539,0.13731858
0,3540,0.16805738
0,3541,0.049691465
0,3542,0.12214538
0,3543,0.18835473
0,3544,0.04930597
0,3545,0.088614516
0,3546,0.05970877
0,3547,0.11511957
0,3548,0.22331458
0,3549,0.036368098
0,3550,0.01746213
0,3551,0.07947963
0,3552,0.043560084
0,3553,0.068472676
0,3554,0.057312366
0,3555,0.03800183
0,3556,0.07630073
0,3557,0.0017066551
0,3558,0.17859703
0,3559,0.1604965
0,3560,0.06101569
0,3561,0.29394215
0,3562,-0.0047508525
0,3563,0.12371688
0,3564,0.06493019
0,3565,0.034248766
0,3566,0.007186438
0,3567,0.06047633
0,3568,0.075869076
0,3569,0.0035339547
0,3570,0.042488184
0,3571,0.073713
0,3572,0.11172672
0,3573,0.062076148
0,3574,-0.0023604082
0,3575,0.23172867
0,3576,0.02592313
0,3577,-0.0049803304
0,3578,0.099746756
0,3579,0.012357946
0,3580,0.019433316
0,3581,0.03351861
0,3582,0.10679167
0,3583,0.20989382
0,3584,0.038677122
0,3585,0.20351002
0,3586,0.011544849
0,3587,0.06262725
0,3588,0.14136153
0,3589,0.2060112
0,3590,0.00876605
0,3591,0.16222161
0,3592,0.23772192
0,3593,-1.1776574e-05
0,3594,0.09088134
0,3595,0.16750729
0,3596,0.070275955
0,3597,0.12850884
0,3598,0.08427503
0,3599,0.13119781
0,3600,0.019884314
0,3601,0.069491856
0,3602,0.018798407
0,3603,0.028783258
0,3604,0.3932695
0,3605,0.26363778
0,3606,0.10000547
0,3607,0.13728395
0,3608,0.12105738
0,3609,0.1216382
0,3610,0.013256694
0,3611,0.105833255
0,3612,0.085784756
0,3613,0.13684508
0,3614,-0.0048512565
0,3615,0.028273132
0,3616,0.113261335
0,3617,0.037205216
0,3618,0.14939696
0,3619,0.22411361
0,3620,0.031211372
0,3621,0.07419016
0,3622,0.23527145
0,3623,0.15891778
0,3624,0.051696118
0,3625,0.027787443
0,3626,0.0078103496
0,3627,0.06532889
0,3628,0.21198249
0,3629,0.06115466
0,3630,0.049782213
0,3631,0.030065592
0,3632,0.052753653
0,3633,0.043705877
0,3634,0.07363381
0,3635,0.10393535
0,3636,0.02618694
0,3637,0.0031219674
0,3638,0.2086758
0,3639,0.053086128
0,3640,0.011424954
0,3641,0.053708848
0,3642,0.09855821
0,3643,0.29087967
0,3644,0.040555384
0,3645,0.04631537
0,3646,0.11011063
0,3647,0.2325058
0,3648,0.27103412
0,3649,0.04573032
0,3650,0.067785315
0,3651,0.18583822
0,3652,0.021667894
0,3653,0.060677048
0,3654,0.06598433
0,3655,0.004048462
0,3656,0.054061886
0,3657,0.012472863
0,3658,0.0015726639
0,3659,0.083176844
0,3660,0.056896683
0,3661,0.020570096
0,3662,0.008631255
0,3663,0.07861792
0,3664,0.026225444
0,3665,0.09370803
0,3666,-0.004929279
0,3667,0.3409701
0,3668,0.15704957
0,3669,-0.0022890018
0,3670,0.10030564
0,3671,0.36138523
0,3672,0.0016245795
0,3673,0.02048057
0,3674,0.20715594
0,3675,0.32186815
0,3676,0.003620918
0,3677,0.04516169
0,3678,0.12344172
0,3679,0.1941582
0,3680,0.061589416
0,3681,0.10373866
0,3682,0.20302755
0,3683,0.11808591
0,3684,0.2529427
0,3685,0.1016674
0,3686,0.025331791
0,3687,0.1249535
0,3688,0.15623179
0,3689,-0.003319447
0,3690,0.10701712
0,3691,0.0058637513
0,3692,0.15907902
0,3693,0.07741069
0,3694,0.086308025
0,3695,0.097075395
0,3696,0.13857484
0,3697,0.23663318
0,3698,0.12753937
0,3699,0.30306637
0,3700,0.19551033
0,3701,-0.0030263113
0,3702,0.14551014
0,3703,0.25418782
0,3704,0.07456606
0,3705,0.09484809
0,3706,0.10509127
0,3707,0.11369478
0,3708,0.03168499
0,3709,0.040146347
0,3710,0.40110922
0,3711,0.08512884
0,3712,0.1947949
0,3713,0.15181875
0,3714,0.15265623
0,3715,0.08276778
0,3716,0.08944421
0,3717,0.24086595
0,3718,0.20550603
0,3719,0.15919116
0,3720,0.0037813438
0,3721,0.054781552
0,3722,0.057036396
0,3723,0.1939019
0,3724,0.14111292
0,3725,0.31319147
0,3726,0.1566118
0,3727,0.26798427
0,3728,0.19994718
0,3729,0.09476834
0,3730,0.27965525
0,3731,0.02888101
0,3732,0.07195025
0,3733,0.13427964
0,3734,0.25559562
0,3735,0.039879438
0,3736,0.0038461043
0,3737,0.046628382
0,3738,0.067334466
0,3739,0.22300729
0,3740,0.16835701
0,3741,0.1230666
0,3742,0.053922888
0,3743,0.06356435
0,3744,0.028395351
0,3745,0.3247627
0,3746,-0.002303903
0,3747,0.008889849
0,3748,0.0041583134
0,3749,0.13095903
0,3750,0.09707888
0,3751,0.017720547
0,3752,0.07134914
0,3753,0.13045129
0,3754,0.09191757
0,3755,0.30315185
0,3756,0.050195333
0,3757,0.18669426
0,3758,0.07416003
0,3759,0.15402406
0,3760,0.15682805
0,3761,0.14859504
0,3762,0.05117711
0,3763,0.19837135
0,3764,0.03504392
0,3765,0.15787005
0,3766,0.27773607
0,3767,0.13873282
0,3768,0.030833896
0,3769,0.17625672
0,3770,0.0470992
0,3771,0.0077397777
0,3772,0.031946238
0,3773,0.21563786
0,3774,0.0012233807
0,3775,0.03204262
0,3776,0.033508357
0,3777,0.0020462824
0,3778,0.13359994
0,3779,0.001325394
0,3780,0.028039392
0,3781,0.1302703
0,3782,0.1830278
0,3783,0.10028007
0,3784,0.15051717
0,3785,0.14213482
0,3786,0.23339766
0,3787,0.10295563
0,3788,0.10834726
0,3789,0.017998692
0,3790,0.037220415
0,3791,0.026895102
0,3792,0.020646986
0,3793,0.009294386
0,3794,0.0010474278
0,3795,0.08955761
0,3796,0.2286995
0,3797,0.09235834
0,3798,0.15113822
0,3799,0.031776693
0,3800,0.033588406
0,3801,0.054277685
0,3802,0.007951464
0,3803,0.2808808
0,3804,0.09591841
0,3805,0.04912993
0,3806,0.061746296
0,3807,0.0071850074
0,3808,0.17562819
0,3809,0.0319429
0,3810,0.018690553
0,3811,0.025748428
0,3812,0.073655896
0,3813,0.0808351
0,3814,0.017789092
0,3815,0.24746501
0,3816,0.033470478
0,3817,0.11163496
0,3818,0.00055437814
0,3819,0.02259263
0,3820,0.037490424
0,3821,0.06426828
0,3822,0.26862058
0,3823,0.04801717
0,3824,0.0974988
0,3825,0.1752401
0,3826,0.2218203
0,3827,0.06181359
0,3828,0.19261417
0,3829,0.11654692
0,3830,0.2892801
0,3831,0.06424045
0,3832,0.15790883
0,3833,0.24786872
0,3834,0.018904503
0,3835,0.03967088
0,3836,0.051361796
0,3837,0.0709992
0,3838,0.23556498
0,3839,0.071118526
0,3840,0.059192356
0,3841,0.06054407
0,3842,0.16364759
0,3843,0.0067210747
0,3844,0.17971772
0,3845,0.24514881
0,3846,0.06793182
0,3847,0.026258256
0,3848,0.019004341
0,3849,0.010907228
0,3850,0.007674898
0,3851,0.01068836
0,3852,0.056583103
0,3853,0.022045221
0,3854,0.08905535
0,3855,0.10681134
0,3856,0.05868059
0,3857,0.014508779
0,3858,0.078887604
0,3859,0.086519055
0,3860,0.068908684
0,3861,0.012558754
0,3862,0.18895364
0,3863,0.07820662
0,3864,0.29730058
0,3865,0.18593806
0,3866,0.22026306
0,3867,0.10356643
0,3868,0.11975484
0,3869,0.010495539
0,3870,0.19444004
0,3871,0.16440374
0,3872,0.10564994
0,3873,0.26753986
0,3874,0.1841268
0,3875,-0.002488588
0,3876,0.20582467
0,3877,0.05624151
0,3878,-0.0038817273
0,3879,0.05303615
0,3880,0.35190046
0,3881,0.20721313
0,3882,0.1003448
0,3883,0.087518506
0,3884,0.3434873
0,3885,0.36060315
0,3886,0.15890813
0,3887,0.10968485
0,3888,0.010319586
0,3889,-0.00019640196
0,3890,-0.0008975314
0,3891,0.24271101
0,3892,0.20490831
0,3893,0.027535047
0,3894,0.1502099
0,3895,0.1170105
0,3896,0.14012823
0,3897,0.01966944
0,3898,0.103363566
0,3899,-0.0028434442
0,3900,0.103262894
0,3901,0.13830167
0,3902,0.13948727
0,3903,0.2503153
0,3904,0.042668905
0,3905,0.026275631
0,3906,0.17475152
0,3907,0.24883687
0,3908,0.18724588
0,3909,0.24062473
0,3910,0.18998575
0,3911,0.028235432
0,3912,0.12646472
0,3913,0.092840366
0,3914,0.23663688
0,3915,0.016840782
0,3916,0.24309298
0,3917,0.015197123
0,3918,-0.0041523026
0,3919,0.31095198
0,3920,0.041302975
0,3921,0.09462302
0,3922,0.021228429
0,3923,0.09313186
0,3924,0.067176215
0,3925,0.040369745
0,3926,0.003857131
0,3927,0.096843176
0,3928,0.06862026
0,3929,0.10101148
0,3930,0.18217865
0,3931,0.02484348
0,3932,0.015108998
0,3933,0.10349607
0,3934,0.13793325
0,3935,0.045097288
0,3936,0.07622426
0,3937,0.113972716
0,3938,0.05305582
0,3939,0.3229534
0,3940,0.00053268205
0,3941,0.1734403
0,3942,0.08509194
0,3943,0.09101286
0,3944,0.14049378
0,3945,0.019639906
0,3946,0.15263534
0,3947,0.19196555
0,3948,0.0327343
0,3949,0.2623883
0,3950,0.07325559
0,3951,0.04715925
0,3952,0.07716521
0,3953,0.12417572
0,3954,0.1528669
0,3955,0.15637475
0,3956,0.111320846
0,3957,-0.004315977
0,3958,-0.0021413611
0,3959,0.045679744
0,3960,0.061447408
0,3961,0.18742019
0,3962,0.13599628
0,3963,0.1506781
0,3964,0.07222264
0,3965,0.16430494
0,3966,0.033122655
0,3967,0.0273416
0,3968,0.1105405
0,3969,0.02649885
0,3970,0.08350792
0,3971,0.13143325
0,3972,0.05727386
0,3973,0.016439285
0,3974,0.16695198
0,3975,0.12247687
0,3976,0.041348573
0,3977,0.07681658
0,3978,0.023443636
0,3979,0.29857838
0,3980,0.046468016
0,3981,0.46742877
0,3982,0.022703018
0,3983,0.03221002
0,3984,0.25528026
0,3985,0.056982305
0,3986,0.10453247
0,3987,0.04245871
0,3988,0.16290054
0,3989,0.08631673
0,3990,0.12469622
0,3991,0.2003248
0,3992,0.17116499
0,3993,0.0055687977
0,3994,0.17653465
0,3995,0.08252337
0,3996,0.16661316
0,3997,0.30808428
0,3998,0.02968144
0,3999,0.014591123
0,4000,0.10865205
0,4001,0.29054287
0,4002,0.13331842
0,4003,0.24873367
0,4004,0.021772798
0,4005,0.08338147
0,4006,0.20914155
0,4007,0.31323916
0,4008,0.014336522
0,4009,0.058045056
0,4010,0.13068277
0,4011,-0.0030366825
0,4012,0.084878944
0,4013,0.013693
0,4014,0.271853
0,4015,0.08003097
0,4016,0.21015924
0,4017,0.13728243
0,4018,0.17718598
0,4019,0.006564702
0,4020,0.012112792
0,4021,0.0026231362
0,4022,0.08623733
0,4023,0.053500053
0,4024,0.030184831
0,4025,0.007934864
0,4026,0.036543395
0,4027,0.06378036
0,4028,0.17884827
0,4029,0.21898955
0,4030,0.024351176
0,4031,0.008921321
0,4032,0.12634367
0,4033,0.16512549
0,4034,0.012292649
0,4035,0.1073282
0,4036,0.1952936
0,4037,0.031372424
0,4038,0.03034341
0,4039,0.028512683
0,4040,0.23661965
0,4041,0.21684667
0,4042,0.009578372
0,4043,0.13350648
0,4044,0.051506277
0,4045,0.3716222
0,4046,0.044078168
0,4047,0.04099148
0,4048,0.13109568
0,4049,0.15007696
0,4050,0.030808475
0,4051,0.17534077
0,4052,0.02345061
0,4053,0.15082619
0,4054,0.041492905
0,4055,0.034990724
0,4056,0.19646382
0,4057,0.12940496
0,4058,0.1295631
0,4059,0.06856307
0,4060,0.1828779
0,4061,0.037195917
0,4062,0.09002175
0,4063,0.053363826
0,4064,0.13646606
0,4065,0.14090061
0,4066,0.067134075
0,4067,0.10271352
0,4068,0.08010536
0,4069,0.10999303
0,4070,0.0108176125
0,4071,0.10611891
0,4072,0.040790495
0,4073,0.21395808
0,4074,0.033354755
0,4075,0.056136396
0,4076,0.20666206
0,4077,0.01100349
0,4078,0.21735716
0,4079,0.1463353
0,4080,0.08419167
0,4081,0.0034026457
0,4082,0.15870917
0,4083,0.23557368
0,4084,0.123564444
0,4085,0.11405795
0,4086,0.1258753
0,4087,0.009465809
0,4088,0.016644415
0,4089,0.18929982
0,4090,0.3660125
0,4091,0.06501993
0,4092,0.29601693
0,4093,0.07062095
0,4094,0.20140234
0,4095,0.039635267
0,4096,0.18191454
0,4097,0.05518162
0,4098,0.13835013
0,4099,0.045382794
0,4100,0.15571183
0,4101,0.29022422
0,4102,0.06816789
0,4103,0.024847832
0,4104,0.23311812
0,4105,0.018536087
0,4106,0.3769871
0,4107,0.035709497
0,4108,0.23222223
0,4109,0.05017924
0,4110,0.00019931328
0,4111,0.04116198
0,4112,0.021836873
0,4113,0.015944596
0,4114,0.007057841
0,4115,0.084985696
0,4116,0.057424482
0,4117,0.03039759
0,4118,0.13948226
0,4119,0.055254783
0,4120,0.01920795
0,4121,0.010139014
0,4122,0.28409672
0,4123,0.042763468
0,4124,0.14672679
0,4125,0.0044693304
0,4126,0.11076894
0,4127,0.009501184
0,4128,0.037487473
0,4129,0.070957474
0,4130,0.010584976
0,4131,0.100699924
0,4132,0.068994336
0,4133,0.14358622
0,4134,0.10358047
0,4135,0.29816556
0,4136,0.1162196
0,4137,0.062192585
0,4138,0.16420752
0,4139,0.20653757
0,4140,0.15707755
0,4141,0.056489345
0,4142,0.062905006
0,4143,0.121158
0,4144,0.14897543
0,4145,0.024267849
0,4146,0.23993039
0,4147,0.2048893
0,4148,0.12345561
0,4149,0.008692439
0,4150,0.10072597
0,4151,0.0081144525
0,4152,0.09073093
0,4153,0.27998772
0,4154,0.15599847
0,4155,0.14263844
0,4156,0.0047076
0,4157,0.1335696
0,4158,0.053281363
0,4159,0.11490106
0,4160,0.11533152
0,4161,0.052278128
0,4162,0.07131665
0,4163,-0.00020164717
0,4164,0.16425395
0,4165,0.16385987
0,4166,0.10337358
0,4167,0.020323422
0,4168,0.11622267
0,4169,0.2219496
0,4170,0.08739441
0,4171,0.15771103
0,4172,0.040077027
0,4173,0.030745562
0,4174,0.05490696
0,4175,0.015514757
0,4176,0.0838921
0,4177,0.13528916
0,4178,0.02861109
0,4179,-0.0031558322
0,4180,0.089862846
0,4181,0.09227001
0,4182,0.25953373
0,4183,0.085140906
0,4184,0.1752319
0,4185,0.024916288
0,4186,0.115932874
0,4187,0.008106465
0,4188,0.19967252
0,4189,0.23343793
0,4190,0.037214246
0,4191,0.004557575
0,4192,0.1037538
0,4193,0.065904014
0,4194,0.065157555
0,4195,0.03798079
0,4196,0.17860535
0,4197,0.0072149886
0,4198,0.21962875
0,4199,0.012709941
0,4200,0.09984525
0,4201,0.022960927
0,4202,0.10708361
0,4203,0.11217459
0,4204,0.09787687
0,4205,0.06919437
0,4206,0.18791059
0,4207,0.12789518
0,4208,0.039992448
0,4209,0.28934145
0,4210,0.19810653
0,4211,0.12397333
0,4212,0.070346884
0,4213,0.12621114
0,4214,0.30894047
0,4215,0.43677634
0,4216,0.013258572
0,4217,0.08378663
0,4218,0.13102293
0,4219,0.11616968
0,4220,0.0423516
0,4221,0.3058427
0,4222,0.038343634
0,4223,0.038375493
0,4224,0.2134878
0,4225,0.027004596
0,4226,0.006945844
0,4227,0.09739839
0,4228,0.09368979
0,4229,0.0057274057
0,4230,0.09226554
0,4231,0.2611426
0,4232,0.1167252
0,4233,0.010207648
0,4234,0.015483911
0,4235,0.044377055
0,4236,0.004212017
0,4237,0.208642
0,4238,0.13948229
0,4239,0.12465679
0,4240,0.1159273
0,4241,0.08842444
0,4242,0.21854478
0,4243,0.2716701
0,4244,0.12924331
0,4245,0.08507755
0,4246,0.07292571
0,4247,0.062139567
0,4248,0.017554458
0,4249,0.08118852
0,4250,0.16460004
0,4251,0.034513053
0,4252,0.18245274
0,4253,0.26016852
0,4254,0.046635564
0,4255,0.07761391
0,4256,0.19405517
0,4257,0.050419684
0,4258,0.070351474
0,4259,0.08982294
0,4260,0.2347196
0,4261,0.040763136
0,4262,0.029057022
0,4263,0.10188087
0,4264,0.04166716
0,4265,0.15605557
0,4266,0.10803693
0,4267,0.0013980223
0,4268,0.07903799
0,4269,0.17870802
0,4270,0.18758968
0,4271,0.048208293
0,4272,0.32584494
0,4273,0.120226584
0,4274,0.005163665
0,4275,0.039611485
0,4276,0.014880146
0,4277,0.030677255
0,4278,0.06999295
0,4279,0.088199906
0,4280,0.02336615
0,4281,-0.0043014335
0,4282,0.026801165
0,4283,0.11637812
0,4284,0.0040141298
0,4285,0.12074741
0,4286,0.01506641
0,4287,0.15543479
0,4288,0.016445752
0,4289,0.24813703
0,4290,0.12725765
0,4291,0.25218236
0,4292,0.10168155
0,4293,0.078028075
0,4294,0.06383257
0,4295,0.08513125
0,4296,0.020388778
0,4297,0.18228787
0,4298,0.112540476
0,4299,0.1694319
0,4300,0.16180807
0,4301,0.11054414
0,4302,0.13031566
0,4303,0.06420516
0,4304,0.12530637
0,4305,0.098322414
0,4306,0.031711366
0,4307,0.01995587
0,4308,0.15087947
0,4309,0.05797505
0,4310,0.10249143
0,4311,0.12961745
0,4312,0.05759832
0,4313,0.042672392
0,4314,0.025411721
0,4315,0.21508381
0,4316,0.1037974
0,4317,0.14810506
0,4318,0.117552064
0,4319,0.22307697
0,4320,-0.0009093331
0,4321,0.15970501
0,4322,0.107607655
0,4323,0.0059101535
0,4324,0.032914575
0,4325,0.14869764
0,4326,0.308963
0,4327,0.049181636
0,4328,0.09375798
0,4329,0.14691868
0,4330,0.25114107
0,4331,0.020565864
0,4332,0.046528216
0,4333,0.11698698
0,4334,0.057651605
0,4335,0.16430232
0,4336,0.25127915
0,4337,0.05818587
0,4338,0.05757552
0,4339,0.19904846
0,4340,0.021635767
0,4341,0.13095835
0,4342,0.14305508
0,4343,0.0474441
0,4344,0.04431891
0,4345,0.05349722
0,4346,0.049933817
0,4347,0.122706406
0,4348,-0.0011627721
0,4349,0.045796093
0,4350,-0.004068856
0,4351,0.033390876
0,4352,0.15072596
0,4353,0.034198757
0,4354,0.09883081
0,4355,0.16041255
0,4356,0.08114415
0,4357,0.087922744
0,4358,0.05006581
0,4359,0.13233864
0,4360,0.130222
0,4361,0.11928963
0,4362,0.1666497
0,4363,0.11642691
0,4364,0.028371092
0,4365,0.03165498
0,4366,0.035513964
0,4367,0.27890602
0,4368,0.1755628
0,4369,-0.002988522
0,4370,0.15127492
0,4371,0.08712324
0,4372,0.11255803
0,4373,0.019316252
0,4374,0.23819616
0,4375,0.005061562
0,4376,0.1772398
0,4377,0.0897625
0,4378,0.13745761
0,4379,0.19710568
0,4380,0.21366704
0,4381,0.006163324
0,4382,0.054581013
0,4383,0.072161995
0,4384,0.06385475
0,4385,0.07998084
0,4386,0.30557528
0,4387,0.09177568
0,4388,0.103003435
0,4389,0.27013373
0,4390,-0.004394238
0,4391,0.1442801
0,4392,0.10371237
0,4393,0.31335616
0,4394,0.053445872
0,4395,0.114589386
0,4396,0.17048675
0,4397,0.0020394279
0,4398,0.2277886
0,4399,0.026197817
0,4400,0.082030855
0,4401,-0.00412405
0,4402,0.14122805
0,4403,0.108462
0,4404,0.0089053465
0,4405,0.05551147
0,4406,0.15988636
0,4407,0.036211964
0,4408,0.20499536
0,4409,0.03357726
0,4410,0.22967514
0,4411,0.13269049
0,4412,0.155947
0,4413,0.026006397
0,4414,0.09993356
0,4415,0.08579659
0,4416,0.36103213
0,4417,0.0561403
0,4418,0.019181903
0,4419,0.24503508
0,4420,0.17177108
0,4421,0.21979356
0,4422,0.19562745
0,4423,0.11419671
0,4424,0.19308287
0,4425,0.005713041
0,4426,0.33889475
0,4427,0.29978937
0,4428,-0.0048286067
0,4429,0.041382935
0,4430,0.037726995
0,4431,0.18484798
0,4432,-0.00079539884
0,4433,0.002453561
0,4434,0.07478773
0,4435,0.18967539
0,4436,0.053380545
0,4437,0.010473843
0,4438,0.26781228
0,4439,0.19777185
0,4440,0.01081806
0,4441,0.34713563
0,4442,0.056809302
0,4443,0.06250315
0,4444,0.2578296
0,4445,0.030504938
0,4446,0.10415464
0,4447,0.055163737
0,4448,0.10627221
0,4449,0.04746389
0,4450,0.2938326
0,4451,0.0638416
0,4452,0.14156795
0,4453,0.00881433
0,4454,0.2788039
0,4455,0.11923688
0,4456,0.036763366
0,4457,0.04165479
0,4458,-0.0031669186
0,4459,0.1845836
0,4460,0.3070826
0,4461,-0.0012268173
0,4462,0.22484511
0,4463,0.016552713
0,4464,0.08666607
0,4465,0.12449577
0,4466,0.18807283
0,4467,0.26601043
0,4468,0.16954276
0,4469,0.19933891
0,4470,0.08224525
0,4471,0.07282292
0,4472,0.0015340103
0,4473,0.087345235
0,4474,0.012053008
0,4475,0.19807377
0,4476,0.005090202
0,4477,0.0909478
0,4478,0.38239902
0,4479,0.062701814
0,4480,0.24049583
0,4481,0.032505807
0,4482,0.115628086
0,4483,0.25770223
0,4484,0.15184826
0,4485,0.111464225
0,4486,0.045717712
0,4487,0.071136974
0,4488,0.018102493
0,4489,0.25675476
0,4490,0.004135604
0,4491,0.099535815
0,4492,0.08491515
0,4493,0.22422987
0,4494,0.050255116
0,4495,0.05061361
0,4496,0.09664508
0,4497,0.045830097
0,4498,0.003855343
0,4499,0.03578728
0,4500,0.019327905
0,4501,0.12149566
0,4502,-0.0020440863
0,4503,0.05948856
0,4504,0.066897206
0,4505,0.0038614823
0,4506,0.08618074
0,4507,0.06438746
0,4508,0.28360558
0,4509,0.113324516
0,4510,0.1757246
0,4511,0.06859877
0,4512,0.059045818
0,4513,0.09998762
0,4514,0.10191091
0,4515,0.09135874
0,4516,0.019616958
0,4517,-0.00040454138
0,4518,0.09778678
0,4519,-0.00085723866
0,4520,0.14774373
0,4521,0.014199014
0,4522,0.16588518
0,4523,0.062494095
0,4524,0.012411441
0,4525,0.014945979
0,4526,0.31194332
0,4527,0.025898095
0,4528,0.052699145
0,4529,0.03416362
0,4530,0.04269102
0,4531,0.29027277
0,4532,0.20397267
0,4533,0.0971384
0,4534,0.12148922
0,4535,0.014676328
0,4536,0.1082909
0,4537,0.17870483
0,4538,0.12407767
0,4539,0.23781285
0,4540,0.043878403
0,4541,0.17153001
0,4542,0.27191484
0,4543,0.1998558
0,4544,0.01706117
0,4545,0.1518305
0,4546,0.19711033
0,4547,0.1384077
0,4548,0.07792597
0,4549,0.08317592
0,4550,0.16241735
0,4551,0.060630973
0,4552,0.04530185
0,4553,0.2637756
0,4554,0.06777751
0,4555,0.005298878
0,4556,0.0973131
0,4557,0.13221455
0,4558,0.009741242
0,4559,0.19639432
0,4560,0.02284449
0,4561,0.036912974
0,4562,0.14064875
0,4563,0.033709522
0,4564,0.17472646
0,4565,0.073069505
0,4566,0.08884906
0,4567,0.12676618
0,4568,0.04350167
0,4569,0.08401253
0,4570,0.004551257
0,4571,0.08946215
0,4572,0.19583094
0,4573,0.0035071922
0,4574,0.06672447
0,4575,0.100021265
0,4576,0.11090117
0,4577,0.1141799
0,4578,0.008391495
0,4579,0.2887353
0,4580,0.05980971
0,4581,0.10064202
0,4582,0.09433784
0,4583,0.17333841
0,4584,0.033242162
0,4585,0.025695976
0,4586,0.06880822
0,4587,0.035370465
0,4588,0.15332854
0,4589,0.004726286
0,4590,0.15948734
0,4591,0.043363925
0,4592,0.027424987
0,4593,0.06555476
0,4594,0.09670829
0,4595,0.014510925
0,4596,0.02747598
0,4597,0.03648066
0,4598,0.007737751
0,4599,0.01707482
0,4600,0.044613536
0,4601,0.09812128
0,4602,0.012999858
0,4603,0.2444455
0,4604,0.12395712
0,4605,0.09028899
0,4606,0.08520805
0,4607,0.07626643
0,4608,0.047211763
0,4609,0.0013372255
0,4610,0.10113489
0,4611,0.02521142
0,4612,0.15488446
0,4613,0.003364141
0,4614,0.1227222
0,4615,0.1467905
0,4616,0.022420224
0,4617,0.013667728
0,4618,0.11239015
0,4619,0.033250567
0,4620,0.007536049
0,4621,0.05025732
0,4622,0.26216683
0,4623,0.045891043
0,4624,0.10436504
0,4625,0.27437758
0,4626,0.2751334
0,4627,0.077616476
0,4628,0.120155744
0,4629,0.06089547
0,4630,0.08260032
0,4631,0.13803977
0,4632,0.20918465
0,4633,0.043735858
0,4634,0.07097679
0,4635,0.20915645
0,4636,-0.0010306584
0,4637,0.2284739
0,4638,0.05759388
0,4639,0.10445153
0,4640,0.24463603
0,4641,0.4092728
0,4642,0.23736745
0,4643,0.21158412
0,4644,0.042855497
0,4645,-0.0028452324
0,4646,0.1394406
0,4647,0.15964305
0,4648,0.026758667
0,4649,0.022760209
0,4650,0.035860654
0,4651,0.11967083
0,4652,0.05682772
0,4653,0.047226783
0,4654,0.076800816
0,4655,0.035313394
0,4656,0.2369011
0,4657,0.12539685
0,4658,0.005900706
0,4659,0.1331672
0,4660,0.044863697
0,4661,0.041917827
0,4662,0.10494035
0,4663,0.08707272
0,4664,0.23771954
0,4665,-0.0014770078
0,4666,0.14088854
0,4667,0.051448222
0,4668,0.14373979
0,4669,0.2523251
0,4670,0.0022878004
0,4671,0.08903652
0,4672,0.08983975
0,4673,0.31283095
0,4674,0.10172161
0,4675,0.061831173
0,4676,0.26765656
0,4677,0.23242289
0,4678,0.04042494
0,4679,0.12659776
0,4680,0.12507403
0,4681,0.06115615
0,4682,0.19658673
0,4683,0.04866263
0,4684,0.023000862
0,4685,0.1691935
0,4686,-0.004715209
0,4687,0.1355418
0,4688,0.2865256
0,4689,0.037725087
0,4690,0.20825022
0,4691,0.07488429
0,4692,0.0032958044
0,4693,0.024381634
0,4694,0.23829606
0,4695,0.03447413
0,4696,0.062212046
0,4697,0.2441332
0,4698,0.32380152
0,4699,0.0971375
0,4700,0.030246582
0,4701,0.02923384
0,4702,0.16515031
0,4703,0.16082639
0,4704,0.06454479
0,4705,0.057223346
0,4706,0.0015100492
0,4707,0.18471104
0,4708,0.19361916
0,4709,0.08160352
0,4710,0.04322588
0,4711,0.094116084
0,4712,0.1216278
0,4713,0.077009104
0,4714,0.13116974
0,4715,0.077845655
0,4716,0.15729177
0,4717,0.13379484
0,4718,0.0034024073
0,4719,0.24841881
0,4720,0.12776718
0,4721,0.13758522
0,4722,0.0107479645
0,4723,0.17416865
0,4724,0.02945691
0,4725,0.32605413
0,4726,0.29811853
0,4727,0.14813381
0,4728,0.024032649
0,4729,0.0793749
0,4730,0.031702634
0,4731,0.1629352
0,4732,0.072959416
0,4733,0.120184116
0,4734,0.15515989
0,4735,0.2756182
0,4736,0.20887938
0,4737,0.2576518
0,4738,0.20007959
0,4739,0.015460963
0,4740,0.0028953804
0,4741,0.14065167
0,4742,0.1279664
0,4743,0.19393069
0,4744,0.17845485
0,4745,0.0011265231
0,4746,0.16891864
0,4747,0.1613794
0,4748,0.08729821
0,4749,0.10307669
0,4750,0.0064480854
0,4751,0.347111
0,4752,0.12619478
0,4753,0.07159533
0,4754,0.009528573
0,4755,0.15187514
0,4756,0.39019176
0,4757,0.10600125
0,4758,0.29930145
0,4759,0.020910855
0,4760,0.18322188
0,4761,0.084952734
0,4762,0.008231576
0,4763,0.32733822
0,4764,0.020289626
0,4765,0.047601636
0,4766,0.055732127
0,4767,0.07096901
0,4768,0.032999065
0,4769,0.039658304
0,4770,0.27600098
0,4771,0.08825546
0,4772,0.03399461
0,4773,0.16080597
0,4774,0.0009440733
0,4775,0.07348304
0,4776,0.1524542
0,4777,0.1761612
0,4778,0.04022568
0,4779,0.24942243
0,4780,0.16962588
0,4781,0.14633271
0,4782,0.062302884
0,4783,0.030472603
0,4784,0.03586882
0,4785,0.0037934734
0,4786,0.14434159
0,4787,0.038033392
0,4788,0.039012846
0,4789,0.10802054
0,4790,0.116480164
0,4791,0.050035235
0,4792,0.31891578
0,4793,0.22388315
0,4794,0.056719
0,4795,0.076837115
0,4796,0.020344194
0,4797,0.128858
0,4798,0.022150692
0,4799,0.027795669
0,4800,0.14552644
0,4801,0.0077331616
0,4802,0.04928654
0,4803,0.044495758
0,4804,0.027220722
0,4805,0.14034128
0,4806,0.04024106
0,4807,0.040306266
0,4808,-0.004772638
0,4809,0.040027823
0,4810,0.06655293
0,4811,0.102350526
0,4812,0.035806682
0,4813,0.102492325
0,4814,0.08985352
0,4815,0.0293574
0,4816,0.39847732
0,4817,0.068567775
0,4818,0.014002676
0,4819,0.07903748
0,4820,0.040277835
0,4821,0.203139
0,4822,0.049711462
0,4823,0.026999738
0,4824,0.23277307
0,4825,0.023011204
0,4826,0.10211589
0,4827,0.080021076
0,4828,0.14918593
0,4829,-0.0023927437
0,4830,0.095305376
0,4831,0.06704333
0,4832,0.1451928
0,4833,0.0031501008
0,4834,0.22083312
0,4835,0.17154682
0,4836,0.00056463014
0,4837,0.01669475
0,4838,0.093301944
0,4839,0.20089915
0,4840,0.08405375
0,4841,0.1263895
0,4842,0.16149658
0,4843,0.03897428
0,4844,0.001147504
0,4845,0.42285872
0,4846,0.06422945
0,4847,0.08025568
0,4848,0.17058057
0,4849,0.032907482
0,4850,0.14920124
0,4851,0.107719295
0,4852,0.069167905
0,4853,0.030322071
0,4854,0.058072474
0,4855,0.13800645
0,4856,-0.00263906
0,4857,0.104274265
0,4858,0.030027892
0,4859,0.0779606
0,4860,0.19120654
0,4861,0.14556164
0,4862,0.37482533
0,4863,0.11132165
0,4864,0.10317289
0,4865,0.050627317
0,4866,0.058233257
0,4867,0.14060307
0,4868,0.2541288
0,4869,0.059353705
0,4870,0.08779516
0,4871,-0.00087777246
0,4872,0.05221137
0,4873,0.009614761
0,4874,0.23773563
0,4875,0.0077571226
0,4876,0.4372295
0,4877,0.025161203
0,4878,0.049899217
0,4879,0.043810423
0,4880,0.013778801
0,4881,0.12363153
0,4882,0.027022775
0,4883,0.14239365
0,4884,0.12882203
0,4885,0.23855421
0,4886,0.12231653
0,4887,0.13722795
0,4888,0.069763534
0,4889,0.11855706
0,4890,0.085625164
0,4891,0.12165006
0,4892,0.064435
0,4893,0.050179955
0,4894,0.08854493
0,4895,0.09779235
0,4896,0.15210038
0,4897,0.080431454
0,4898,0.20059684
0,4899,0.033748385
0,4900,0.045661625
0,4901,0.017331686
0,4902,0.22091845
0,4903,0.06694033
0,4904,0.02697822
0,4905,0.1736761
0,4906,0.00031351577
0,4907,0.028895225
0,4908,0.04142004
0,4909,0.16905439
0,4910,0.14088556
0,4911,0.24108624
0,4912,0.12589848
0,4913,0.054892953
0,4914,0.13505954
0,4915,0.15581438
0,4916,0.0379056
0,4917,0.050686058
0,4918,0.1648342
0,4919,0.043822285
0,4920,0.04035261
0,4921,0.2975486
0,4922,0.046296056
0,4923,0.2006621
0,4924,0.06461545
0,4925,0.08772867
0,4926,0.08626517
0,4927,0.18373856
0,4928,-0.0026837038
0,4929,0.07442596
0,4930,0.03375518
0,4931,-0.0036757635
0,4932,0.07887667
0,4933,0.24758774
0,4934,0.1485849
0,4935,0.08443584
0,4936,0.119614415
0,4937,0.07437768
0,4938,0.056686755
0,4939,0.060868736
0,4940,0.19481671
0,4941,-0.0014599608
0,4942,0.0464825
0,4943,0.13023648
0,4944,-0.00226364
0,4945,0.24177077
0,4946,0.5036136
0,4947,0.05001026
0,4948,0.0134533
0,4949,0.02136081
0,4950,0.15033108
0,4951,0.04075038
0,4952,0.0064781858
0,4953,0.15234551
0,4954,0.19723043
0,4955,0.22508925
0,4956,0.07144307
0,4957,0.09655198
0,4958,0.07420074
0,4959,0.1267556
0,4960,0.23776284
0,4961,0.083550565
0,4962,0.01367199
0,4963,0.096344344
0,4964,0.0104782535
0,4965,0.011117811
0,4966,0.008293177
0,4967,0.050370272
0,4968,0.14419112
0,4969,0.22882688
0,4970,0.14717713
0,4971,0.20836541
0,4972,0.078164004
0,4973,0.03473073
0,4974,0.12262579
0,4975,0.2825569
0,4976,0.062520556
0,4977,0.00968721
0,4978,0.26100403
0,4979,0.076077096
0,4980,0.29948762
0,4981,0.06195211
0,4982,0.04190805
0,4983,0.051242705
0,4984,0.058725532
0,4985,0.034496125
0,4986,0.119814806
0,4987,0.12420767
0,4988,0.37061116
0,4989,0.1600402
0,4990,0.015613253
0,4991,0.1414783
0,4992,0.018782374
0,4993,0.11966639
0,4994,0.029522058
0,4995,0.22687358
0,4996,-0.0015864419
0,4997,0.049171206
0,4998,0.26462948
0,4999,0.036249008
0,5000,0.11951377
0,5001,0.1588397
0,5002,0.16039607
0,5003,0.18228203
0,5004,0.03495797
0,5005,0.21516767
0,5006,0.025060233
0,5007,0.06404444
0,5008,0.11280518
0,5009,0.16394943
0,5010,0.0015979065
0,5011,0.22543088
0,5012,0.11010765
0,5013,0.11443048
0,5014,0.21040028
0,5015,0.013775642
0,5016,0.13312593
0,5017,0.07371502
0,5018,0.3105664
0,5019,0.2007739
0,5020,0.08408376
0,5021,0.0795111
0,5022,0.15639734
0,5023,0.054279473
0,5024,0.022320177
0,5025,0.05626076
0,5026,0.13081658
0,5027,0.10313194
0,5028,0.014320905
0,5029,0.15990001
0,5030,0.13488099
0,5031,0.02043372
0,5032,0.11655905
0,5033,0.15035444
0,5034,0.08531775
0,5035,0.24477935
0,5036,0.009698953
0,5037,0.035034623
0,5038,0.0510236
0,5039,0.06691163
0,5040,0.018534776
0,5041,0.041987028
0,5042,0.032650407
0,5043,0.0022342755
0,5044,0.09009563
0,5045,0.07127904
0,5046,0.06617438
0,5047,0.113350265
0,5048,0.3215899
0,5049,0.14397836
0,5050,0.30721647
0,5051,0.035746273
0,5052,0.29661226
0,5053,0.053282913
0,5054,0.05881172
0,5055,0.22804907
0,5056,0.046384808
0,5057,0.058650818
0,5058,0.027894493
0,5059,0.13632196
0,5060,0.12319314
0,5061,0.04975411
0,5062,0.11865672
0,5063,0.2553351
0,5064,0.016651
0,5065,0.015057559
0,5066,0.12473666
0,5067,0.28663608
0,5068,0.21154028
0,5069,0.03308582
0,5070,0.047936436
0,5071,0.013047601
0,5072,0.21123642
0,5073,0.06806635
0,5074,0.0015923334
0,5075,0.07921069
0,5076,0.2078166
0,5077,0.009242381
0,5078,0.27007332
0,5079,0.10116454
0,5080,-0.00012922753
0,5081,0.16076717
0,5082,0.13115293
0,5083,0.15404847
0,5084,0.06250035
0,5085,0.33858216
0,5086,0.051658925
0,5087,0.077850215
0,5088,0.092278235
0,5089,0.21734443
0,5090,0.300204
0,5091,0.005060251
0,5092,0.12991995
0,5093,0.09386518
0,5094,0.03384721
0,5095,0.011443312
0,5096,0.085728996
0,5097,0.16775179
0,5098,0.17083353
0,5099,0.04007512
0,5100,0.021242943
0,5101,0.05182397
0,5102,0.10354649
0,5103,0.016941603
0,5104,0.045726236
0,5105,0.15214342
0,5106,0.16349772
0,5107,0.009355302
0,5108,0.09612694
0,5109,0.024869796
0,5110,0.020806368
0,5111,0.027400907
0,5112,0.071761124
0,5113,0.13524067
0,5114,0.17529362
0,5115,0.15334266
0,5116,0.09332656
0,5117,1.1022203e-05
0,5118,0.020061966
0,5119,0.07565191
0,5120,0.0439105
0,5121,0.1739009
0,5122,0.089267425
0,5123,0.18388075
0,5124,0.16806507
0,5125,0.054845806
0,5126,0.055694696
0,5127,0.070488535
0,5128,0.045424636
0,5129,0.17988443
0,5130,0.0548979
0,5131,0.118607275
0,5132,0.014693852
0,5133,0.09594091
0,5134,0.04704785
0,5135,0.0045529557
0,5136,0.066630445
0,5137,0.17523342
0,5138,0.04738706
0,5139,0.103440754
0,5140,0.008932109
0,5141,0.034823056
0,5142,0.19357064
0,5143,0.11617451
0,5144,0.000981803
0,5145,0.23376712
0,5146,0.08194571
0,5147,0.17347911
0,5148,0.039941248
0,5149,0.090396814
0,5150,0.09520989
0,5151,0.09216129
0,5152,0.11732405
0,5153,0.1904797
0,5154,0.08468633
0,5155,0.035774168
0,5156,0.032177385
0,5157,0.049290027
0,5158,0.034495946
0,5159,0.015829768
0,5160,0.13924295
0,5161,0.07288613
0,5162,0.025007512
0,5163,0.07596006
0,5164,-0.0035620378
0,5165,0.05797788
0,5166,0.10526108
0,5167,0.028693523
0,5168,0.072187655
0,5169,0.008191283
0,5170,0.0138565255
0,5171,0.0476675
0,5172,0.096241824
0,5173,0.15052593
0,5174,0.081465535
0,5175,0.08942922
0,5176,0.15987164
0,5177,0.036231812
0,5178,0.35094848
0,5179,0.023115572
0,5180,0.254069
0,5181,0.032538917
0,5182,0.007484759
0,5183,0.089137934
0,5184,0.045537975
0,5185,0.015367384
0,5186,0.20487237
0,5187,0.009154494
0,5188,0.045552757
0,5189,0.06984513
0,5190,0.15138644
0,5191,0.11294132
0,5192,0.12650806
0,5193,0.06198546
0,5194,0.108070485
0,5195,0.07038023
0,5196,0.046444353
0,5197,0.012934799
0,5198,0.016597446
0,5199,0.2121214
0,5200,0.20111406
0,5201,0.07615077
0,5202,0.076122396
0,5203,0.060737308
0,5204,0.16694206
0,5205,0.23269099
0,5206,0.04364234
0,5207,0.115641885
0,5208,0.11521291
0,5209,0.21438056
0,5210,0.08441018
0,5211,0.013867165
0,5212,0.19078618
0,5213,0.1317403
0,5214,0.03863841
0,5215,0.064901374
0,5216,0.16528386
0,5217,0.058387663
0,5218,-0.0016678022
0,5219,0.03171247
0,5220,0.11272719
0,5221,0.1044982
0,5222,0.21349925
0,5223,0.013969178
0,5224,0.19874376
0,5225,0.03959703
0,5226,0.30638805
0,5227,0.08068945
0,5228,0.04462677
0,5229,0.15855652
0,5230,0.09922432
0,5231,0.1308915
0,5232,0.11128976
0,5233,0.016027387
0,5234,0.13338849
0,5235,0.005342896
0,5236,0.17524517
0,5237,0.016418394
0,5238,0.08570694
0,5239,0.0049846126
0,5240,0.028058823
0,5241,0.08066719
0,5242,0.1775589
0,5243,0.023865577
0,5244,0.042838182
0,5245,0.048748966
0,5246,0.22372031
0,5247,0.056124803
0,5248,0.098956816
0,5249,0.14258304
0,5250,-0.003832464
0,5251,0.012841697
0,5252,0.104221575
0,5253,0.0020919992
0,5254,0.05681723
0,5255,0.16215482
0,5256,0.024235334
0,5257,0.04913133
0,5258,0.14561391
0,5259,0.20938146
0,5260,0.20411786
0,5261,0.25593594
0,5262,0.12378769
0,5263,0.08246934
0,5264,0.10505908
0,5265,0.0067627383
0,5266,0.045928504
0,5267,0.016683724
0,5268,0.21123579
0,5269,0.036437687
0,5270,0.21494025
0,5271,0.08739271
0,5272,0.03404167
0,5273,0.22569954
0,5274,0.1743722
0,5275,0.038385894
0,5276,0.07745444
0,5277,0.20302725
0,5278,0.072811715
0,5279,0.0156240715
0,5280,0.007420118
0,5281,0.13153249
0,5282,0.07135474
0,5283,0.08862444
0,5284,0.11818605
0,5285,0.007715757
0,5286,0.20161352
0,5287,0.16365346
0,5288,0.13696119
0,5289,0.033603188
0,5290,0.0682404
0,5291,0.077042125
0,5292,0.116302095
0,5293,0.19659778
0,5294,0.0839779
0,5295,0.03368431
0,5296,0.17455274
0,5297,0.06276911
0,5298,0.1591093
0,5299,0.010608907
0,5300,0.07948511
0,5301,0.052871462
0,5302,0.053925302
0,5303,0.15297192
0,5304,0.16535383
0,5305,0.05409431
0,5306,0.08897912
0,5307,0.048275825
0,5308,0.043824907
0,5309,0.09331321
0,5310,0.15509355
0,5311,0.09357648
0,5312,0.25721622
0,5313,0.11635556
0,5314,0.22122857
0,5315,0.109918915
0,5316,0.08646279
0,5317,0.015019978
0,5318,0.043230858
0,5319,-0.0034003304
0,5320,0.15389866
0,5321,0.05225339
0,5322,0.065686874
0,5323,0.03131133
0,5324,0.10246035
0,5325,0.041984018
0,5326,0.07060554
0,5327,0.29575694
0,5328,0.17802572
0,5329,0.029304322
0,5330,0.0067958785
0,5331,0.0062565757
0,5332,0.007179494
0,5333,0.1073462
0,5334,-0.001785432
0,5335,0.07412677
0,5336,0.1306262
0,5337,0.008523579
0,5338,0.0664578
0,5339,0.034056094
0,5340,0.040057775
0,5341,0.31087866
0,5342,0.08778482
0,5343,0.11106416
0,5344,0.047380205
0,5345,0.15920877
0,5346,0.09130963
0,5347,0.0024236096
0,5348,0.19682726
0,5349,0.13463974
0,5350,0.116582505
0,5351,0.042799767
0,5352,0.053584155
0,5353,0.06852203
0,5354,0.02414241
0,5355,0.081762515
0,5356,0.04958993
0,5357,0.15110093
0,5358,0.18084484
0,5359,0.23470092
0,5360,0.1041879
0,5361,0.016027268
0,5362,0.05757689
0,5363,0.09864115
0,5364,0.029220816
0,5365,0.008271213
0,5366,0.053048756
0,5367,-0.0028676437
0,5368,0.11594223
0,5369,-0.0037265467
0,5370,0.13766801
0,5371,0.077951066
0,5372,-0.0027309703
0,5373,0.012317057
0,5374,0.03435528
0,5375,0.15062761
0,5376,0.0027409745
0,5377,0.10448363
0,5378,0.04571953
0,5379,0.08698063
0,5380,0.12297016
0,5381,0.10616308
0,5382,0.08690273
0,5383,0.0046556545
0,5384,-0.003767048
0,5385,0.060318794
0,5386,0.15180945
0,5387,0.086773925
0,5388,0.05282181
0,5389,0.15964526
0,5390,0.08325397
0,5391,0.16662699
0,5392,0.13791397
0,5393,0.0006940318
0,5394,0.046267983
0,5395,0.02713048
0,5396,0.074474804
0,5397,0.07032897
0,5398,0.010119463
0,5399,0.114672475
0,5400,0.21391153
0,5401,0.018610533
0,5402,0.21240357
0,5403,0.15091985
0,5404,0.29104933
0,5405,0.01856142
0,5406,0.088578515
0,5407,0.3012145
0,5408,0.17425027
0,5409,0.10330539
0,5410,0.22905147
0,5411,0.031553563
0,5412,0.19472343
0,5413,0.018992182
0,5414,0.077242844
0,5415,0.09138676
0,5416,0.09826612
0,5417,0.07365047
0,5418,0.0978257
0,5419,0.011284943
0,5420,0.019392278
0,5421,0.036205914
0,5422,0.1920489
0,5423,0.2121078
0,5424,0.18142372
0,5425,0.15161583
0,5426,0.11503052
0,5427,0.2397668
0,5428,-0.004883771
0,5429,0.06524932
0,5430,0.052364286
0,5431,0.07839077
0,5432,0.25305003
0,5433,0.03729024
0,5434,0.0095702065
0,5435,0.19744018
0,5436,0.099494986
0,5437,0.110220484
0,5438,0.043529984
0,5439,0.034380313
0,5440,0.20871848
0,5441,0.0011326624
0,5442,0.2397294
0,5443,0.1067126
0,5444,0.099924706
0,5445,0.06385996
0,5446,0.25370416
0,5447,0.040107157
0,5448,0.12234264
0,5449,0.16847813
0,5450,0.06331294
0,5451,0.18281463
0,5452,0.06756806
0,5453,0.2509248
0,5454,0.04893553
0,5455,0.072098814
0,5456,0.062644266
0,5457,0.010085638
0,5458,0.17059702
0,5459,0.10070854
0,5460,-0.0041976618
0,5461,0.23350438
0,5462,0.12864292
0,5463,0.14174598
0,5464,0.03774118
0,5465,0.047336873
0,5466,0.12053447
0,5467,0.20363942
0,5468,0.029726144
0,5469,0.14752907
0,5470,0.13431841
0,5471,0.07453912
0,5472,-0.0025935816
0,5473,0.074126236
0,5474,0.28392422
0,5475,0.08251142
0,5476,0.19454002
0,5477,0.15754983
0,5478,0.04142615
0,5479,0.07623448
0,5480,0.016634341
0,5481,0.116080396
0,5482,0.025402423
0,5483,0.29028735
0,5484,0.19862086
0,5485,0.08822518
0,5486,0.053372797
0,5487,0.0061564697
0,5488,0.058738526
0,5489,0.27226967
0,5490,0.18734002
0,5491,0.065208815
0,5492,0.033077832
0,5493,0.10392528
0,5494,0.16001564
0,5495,0.2597938
0,5496,0.017791536
0,5497,0.058975097
0,5498,0.21328878
0,5499,0.20475982
0,5500,0.2867574
0,5501,0.14269522
0,5502,0.16504467
0,5503,0.045512136
0,5504,0.03977659
0,5505,0.023860361
0,5506,0.05167493
0,5507,0.0317499
0,5508,0.013882305
0,5509,0.11245807
0,5510,0.11377566
0,5511,0.044701453
0,5512,0.18061239
0,5513,0.050404843
0,5514,0.09122255
0,5515,0.030253287
0,5516,0.021492656
0,5517,0.17212185
0,5518,0.24523431
0,5519,0.1775021
0,5520,0.11990049
0,5521,0.024237867
0,5522,0.06468623
0,5523,0.04979345
0,5524,0.07193934
0,5525,0.01896241
0,5526,0.19299942
0,5527,0.046012845
0,5528,0.07625275
0,5529,0.0645672
0,5530,0.17417791
0,5531,0.04818463
0,5532,0.05018067
0,5533,0.023426231
0,5534,0.020936128
0,5535,0.016889479
0,5536,0.061892923
0,5537,0.12130221
0,5538,0.13254717
0,5539,0.01612809
0,5540,0.013731058
0,5541,0.0016084267
0,5542,0.11326244
0,5543,0.016703542
0,5544,0.043083247
0,5545,0.072854064
0,5546,0.25972527
0,5547,0.09622433
0,5548,0.15358719
0,5549,0.0027654124
0,5550,0.07710671
0,5551,0.118560605
0,5552,0.038592156
0,5553,0.15895358
0,5554,0.13104558
0,5555,0.09364443
0,5556,0.20299888
0,5557,0.27013946
0,5558,0.021176662
0,5559,0.10610964
0,5560,0.11326002
0,5561,0.18420446
0,5562,0.089848004
0,5563,0.049585696
0,5564,0.21698245
0,5565,0.087726764
0,5566,0.02598944
0,5567,0.052912917
0,5568,0.032130893
0,5569,0.085279845
0,5570,0.14796051
0,5571,0.046674665
0,5572,0.042545494
0,5573,0.08366989
0,5574,0.07074281
0,5575,0.08505701
0,5576,0.032727625
0,5577,0.050965067
0,5578,0.026111659
0,5579,0.04798394
0,5580,0.15609023
0,5581,0.05877286
0,5582,0.09340679
0,5583,0.25058347
0,5584,0.08442711
0,5585,0.23812577
0,5586,0.096665464
0,5587,0.23638809
0,5588,0.092251055
0,5589,0.0026712967
0,5590,0.46896616
0,5591,0.0103116585
0,5592,0.04736292
0,5593,0.006712253
0,5594,0.15475866
0,5595,0.0581561
0,5596,0.12026658
0,5597,0.0010003997
0,5598,0.10616978
0,5599,0.023597416
0,5600,0.04288703
0,5601,0.2263577
0,5602,0.10391759
0,5603,0.13433027
0,5604,-0.0030123638
0,5605,0.0011495007
0,5606,0.047962334
0,5607,0.15647691
0,5608,0.098234646
0,5609,0.16012204
0,5610,0.024690505
0,5611,0.03222501
0,5612,0.18537474
0,5613,0.09862497
0,5614,0.13569206
0,5615,0.112667255
0,5616,0.23093545
0,5617,0.13332039
0,5618,0.08051055
0,5619,0.026142772
0,5620,0.36038834
0,5621,0.18749344
0,5622,0.17517132
0,5623,0.085314564
0,5624,0.09698018
0,5625,0.011989142
0,5626,0.07448708
0,5627,0.04178303
0,5628,0.090710334
0,5629,0.13418639
0,5630,0.074544005
0,5631,0.051992532
0,5632,0.10918342
0,5633,0.014003093
0,5634,0.05783623
0,5635,0.18993974
0,5636,-0.00013417471
0,5637,0.058295127
0,5638,0.016826268
0,5639,0.11672699
0,5640,0.09296384
0,5641,0.015486653
0,5642,0.021238115
0,5643,0.09331279
0,5644,0.05307969
0,5645,0.04753488
0,5646,0.07525738
0,5647,0.11882537
0,5648,0.15785843
0,5649,0.26432273
0,5650,0.0832048
0,5651,0.021400359
0,5652,0.08552279
0,5653,0.07788157
0,5654,0.14145783
0,5655,0.0015410734
0,5656,0.062414672
0,5657,-0.0037428783
0,5658,0.073049
0,5659,0.1267843
0,5660,-0.0016795145
0,5661,0.056951012
0,5662,0.044243153
0,5663,0.18723366
0,5664,0.01655465
0,5665,0.053246822
0,5666,0.13081056
0,5667,0.011463637
0,5668,0.048824485
0,5669,0.11959251
0,5670,0.082306795
0,5671,0.104636066
0,5672,0.09225481
0,5673,0.0150754405
0,5674,0.027236458
0,5675,0.08160692
0,5676,0.017907735
0,5677,0.022082802
0,5678,0.3244768
0,5679,0.19529736
0,5680,0.032338228
0,5681,0.3543569
0,5682,0.14941716
0,5683,0.13694215
0,5684,0.0628142
0,5685,0.12489011
0,5686,0.097711705
0,5687,0.0058876825
0,5688,0.10507249
0,5689,0.106267564
0,5690,0.09519737
0,5691,0.018317755
0,5692,0.023016687
0,5693,0.016616102
0,5694,0.0031844927
0,5695,0.05678263
0,5696,0.04373279
0,5697,0.061415907
0,5698,-0.000582044
0,5699,0.25394213
0,5700,0.06821483
0,5701,0.014651175
0,5702,0.00945365
0,5703,0.055310573
0,5704,0.2110104
0,5705,0.039799448
0,5706,0.018873628
0,5707,0.029060956
0,5708,0.022849198
0,5709,0.22308469
0,5710,0.07811653
0,5711,0.056807663
0,5712,0.11231016
0,5713,-0.0007010745
0,5714,0.19676685
0,5715,0.052199986
0,5716,0.2006152
0,5717,0.06242227
0,5718,0.03730982
0,5719,0.2851492
0,5720,0.01610991
0,5721,0.031126793
0,5722,0.11687421
0,5723,0.13061512
0,5724,0.0822364
0,5725,-0.0010265158
0,5726,0.005391593
0,5727,0.054758605
0,5728,0.07854181
0,5729,0.08024939
0,5730,0.099869184
0,5731,0.06152072
0,5732,0.20864707
0,5733,0.012280936
0,5734,0.22484523
0,5735,0.0956515
0,5736,-0.0025685476
0,5737,0.2508249
0,5738,0.033760246
0,5739,0.017444577
0,5740,0.00031607877
0,5741,0.062134918
0,5742,-0.003265028
0,5743,0.013489063
0,5744,0.2117221
0,5745,0.30139077
0,5746,0.17911965
0,5747,0.27526736
0,5748,0.07129257
0,5749,0.12367483
0,5750,0.10901301
0,5751,0.13458318
0,5752,0.013944621
0,5753,0.15483278
0,5754,0.14980036
0,5755,-0.004914229
0,5756,0.09886526
0,5757,0.03246292
0,5758,0.27878773
0,5759,0.07847678
0,5760,0.020892676
0,5761,0.08186527
0,5762,0.11811929
0,5763,0.07842677
0,5764,0.2618109
0,5765,0.07540151
0,5766,0.07542076
0,5767,-0.004301076
0,5768,0.018539008
0,5769,0.07903149
0,5770,0.22893384
0,5771,0.22251397
0,5772,0.19517997
0,5773,0.049514886
0,5774,0.09431755
0,5775,0.10032617
0,5776,0.0100832535
0,5777,0.10984074
0,5778,0.1522496
0,5779,0.24280626
0,5780,0.11073779
0,5781,0.059093144
0,5782,0.04047614
0,5783,0.20230913
0,5784,0.089992695
0,5785,0.05193558
0,5786,0.13501894
0,5787,0.071991555
0,5788,0.06900238
0,5789,0.058794137
0,5790,0.082269184
0,5791,0.045058426
0,5792,0.030423757
0,5793,0.2223162
0,5794,0.19968054
0,5795,0.033169057
0,5796,0.19945955
0,5797,0.06665444
0,5798,0.14188462
0,5799,0.1844934
0,5800,0.1061643
0,5801,0.07283717
0,5802,0.15846306
0,5803,0.008007164
0,5804,0.1775023
0,5805,0.05663791
0,5806,0.05692735
0,5807,0.04006272
0,5808,0.16407111
0,5809,0.10535734
0,5810,0.11097088
0,5811,0.26333404
0,5812,0.04074901
0,5813,0.103915684
0,5814,0.091546915
0,5815,0.06690841
0,5816,0.14846241
0,5817,0.28414142
0,5818,0.10176142
0,5819,0.24197125
0,5820,0.14398277
0,5821,0.12959087
0,5822,0.04742929
0,5823,0.05535614
0,5824,0.37572697
0,5825,0.19130892
0,5826,0.020016547
0,5827,0.00921842
0,5828,0.06943654
0,5829,0.13194177
0,5830,0.21266365
0,5831,0.10028421
0,5832,0.04405656
0,5833,0.035515573
0,5834,0.09142887
0,5835,0.023615595
0,5836,0.04196423
0,5837,0.11147597
0,5838,0.023801979
0,5839,0.04907846
0,5840,0.13320181
0,5841,0.21721655
0,5842,0.07633304
0,5843,0.121201865
0,5844,0.092524044
0,5845,0.07610022
0,5846,0.025881942
0,5847,0.04757076
0,5848,0.021020379
0,5849,0.08945342
0,5850,0.234303
0,5851,0.15220469
0,5852,0.18549192
0,5853,0.37448832
0,5854,0.07621815
0,5855,0.022396918
0,5856,0.081224315
0,5857,0.061805215
0,5858,0.121479176
0,5859,0.034638043
0,5860,0.0046045138
0,5861,0.087992184
0,5862,0.22664195
0,5863,0.1298736
0,5864,0.010344203
0,5865,0.02040511
0,5866,0.15396696
0,5867,0.1619246
0,5868,0.12092837
0,5869,0.12605166
0,5870,0.09651648
0,5871,0.015015806
0,5872,0.047036197
0,5873,0.018228587
0,5874,0.11316597
0,5875,0.102971606
0,5876,0.18630314
0,5877,0.058268543
0,5878,0.18806559
0,5879,0.18849558
0,5880,0.08353608
0,5881,0.13031161
0,5882,0.123798065
0,5883,0.15049613
0,5884,0.04093417
0,5885,0.03328946
0,5886,0.04750788
0,5887,0.010871346
0,5888,0.06735285
0,5889,0.043421503
0,5890,0.08868977
0,5891,0.15740073
0,5892,0.08960288
0,5893,0.018941429
0,5894,0.24796447
0,5895,0.101705186
0,5896,0.03350186
0,5897,0.0010343147
0,5898,0.13814947
0,5899,0.083431594
0,5900,0.10332226
0,5901,0.08279591
0,5902,0.05276465
0,5903,0.18236947
0,5904,0.15376991
0,5905,0.014855797
0,5906,0.09589123
0,5907,0.087520294
0,5908,0.072172485
0,5909,0.20930707
0,5910,0.18434277
0,5911,0.07351109
0,5912,0.08596223
0,5913,0.015344615
0,5914,0.050943162
0,5915,0.037642475
0,5916,0.0693407
0,5917,0.11783298
0,5918,0.003315325
0,5919,0.04839727
0,5920,0.03145903
0,5921,0.1556772
0,5922,0.020903941
0,5923,0.050015267
0,5924,0.043222662
0,5925,0.13164377
0,5926,0.07781189
0,5927,0.12504008
0,5928,0.22162491
0,5929,0.17424095
0,5930,0.03613424
0,5931,0.11413198
0,5932,0.06372144
0,5933,0.09930765
0,5934,0.13010067
0,5935,0.14192873
0,5936,0.028669532
0,5937,0.15024403
0,5938,0.0017852737
0,5939,0.20467466
0,5940,0.02031755
0,5941,0.0052116467
0,5942,0.30559766
0,5943,0.024663236
0,5944,0.10426616
0,5945,0.13117978
0,5946,0.06052154
0,5947,0.04135647
0,5948,0.039985593
0,5949,0.10892721
0,5950,0.14587614
0,5951,0.06226715
0,5952,0.03938302
0,5953,0.060086336
0,5954,0.010820801
0,5955,0.25659916
0,5956,0.16250843
0,5957,0.010822947
0,5958,0.10409474
0,5959,0.12754291
0,5960,0.19516832
0,5961,0.03841659
0,5962,0.06118336
0,5963,0.0860052
0,5964,0.13670504
0,5965,0.03753608
0,5966,0.060315784
0,5967,0.042259123
0,5968,0.046427365
0,5969,0.11953043
0,5970,0.10339456
0,5971,0.031375553
0,5972,0.085493855
0,5973,0.08444779
0,5974,0.1157768
0,5975,0.0857149
0,5976,0.072199754
0,5977,0.19924462
0,5978,0.15485415
0,5979,0.042697664
0,5980,0.024413522
0,5981,0.15030167
0,5982,0.12938562
0,5983,0.16137946
0,5984,0.009062643
0,5985,0.05863362
0,5986,0.26649886
0,5987,0.052213635
0,5988,0.043494698
0,5989,0.0710476
0,5990,0.105854385
0,5991,0.110209994
0,5992,0.17019343
0,5993,0.03081983
0,5994,0.18449882
0,5995,0.016369369
0,5996,0.15689257
0,5997,0.019383635
0,5998,0.009122546
0,5999,0.14337176
0,6000,0.019440558
0,6001,0.007010962
0,6002,0.04605448
0,6003,0.09650945
0,6004,0.08676448
0,6005,0.069437705
0,6006,0.18816218
0,6007,0.14794779
0,6008,0.053975876
0,6009,0.053074535
0,6010,0.08708643
0,6011,-0.004208212
0,6012,0.03130221
0,6013,0.06991588
0,6014,0.103000246
0,6015,0.16000134
0,6016,0.003147657
0,6017,0.23632011
0,6018,0.022545274
0,6019,0.11159413
0,6020,-0.00434113
0,6021,0.09680187
0,6022,0.007951255
0,6023,0.0573602
0,6024,0.057276305
0,6025,0.06386065
0,6026,0.15108097
0,6027,0.1250175
0,6028,0.052206215
0,6029,0.18748736
0,6030,0.06205165
0,6031,0.030623373
0,6032,0.081078075
0,6033,0.07150864
0,6034,0.12754267
0,6035,0.12689665
0,6036,0.13591528
0,6037,0.0544005
0,6038,0.25326806
0,6039,0.09884515
0,6040,0.079674356
0,6041,0.022297319
0,6042,0.026317474
0,6043,0.103476815
0,6044,0.06153598
0,6045,0.017586943
0,6046,0.21545598
0,6047,0.044657793
0,6048,0.23653811
0,6049,0.16626334
0,6050,0.27276886
0,6051,0.038952675
0,6052,0.012627716
0,6053,0.082110874
0,6054,0.10277843
0,6055,0.10117071
0,6056,0.09966051
0,6057,0.03909951
0,6058,0.13209206
0,6059,0.09085395
0,6060,0.10997205
0,6061,0.12569451
0,6062,0.0073273135
0,6063,0.0040184213
0,6064,0.13468668
0,6065,0.04329547
0,6066,0.107164435
0,6067,0.028542217
0,6068,0.06500804
0,6069,0.20617557
0,6070,0.12031045
0,6071,0.09106188
0,6072,0.26371768
0,6073,-0.0041752504
0,6074,0.016893443
0,6075,0.27109447
0,6076,0.18660331
0,6077,0.16192225
0,6078,0.14975885
0,6079,0.06153926
0,6080,0.021744516
0,6081,0.19600946
0,6082,0.050300356
0,6083,0.008101876
0,6084,0.025717344
0,6085,0.0052564694
0,6086,0.06705972
0,6087,0.006539042
0,6088,0.06788879
0,6089,0.056671258
0,6090,0.062971406
0,6091,0.10677486
0,6092,0.33121556
0,6093,0.029710945
0,6094,0.060608473
0,6095,-0.00091091264
0,6096,0.06384625
0,6097,0.104423515
0,6098,0.063496135
0,6099,0.056324687
0,6100,0.04364377
0,6101,0.120083414
0,6102,-0.0006382512
0,6103,0.10218289
0,6104,0.059666272
0,6105,0.02840751
0,6106,0.009611662
0,6107,0.00255322
0,6108,0.11608534
0,6109,0.10325157
0,6110,0.11734035
0,6111,0.130265
0,6112,0.16634989
0,6113,0.1603694
0,6114,0.12293836
0,6115,0.209279
0,6116,0.085620575
0,6117,0.13333234
0,6118,0.022352096
0,6119,0.18066782
0,6120,0.07661667
0,6121,0.22431296
0,6122,0.08738398
0,6123,0.44545305
0,6124,0.024017658
0,6125,0.05795109
0,6126,0.14737946
0,6127,0.06641363
0,6128,-0.0020297812
0,6129,0.023421284
0,6130,0.08991986
0,6131,0.14197832
0,6132,0.17904028
0,6133,0.07877489
0,6134,0.019329246
0,6135,0.05181926
0,6136,0.04505461
0,6137,0.102918856
0,6138,0.20828259
0,6139,0.11170488
0,6140,0.098724924
0,6141,0.21097654
0,6142,0.0056921197
0,6143,0.08120143
0,6144,0.06156945
0,6145,0.10401889
0,6146,0.06569754
0,6147,0.21025732
0,6148,0.19597843
0,6149,0.001363243
0,6150,0.12309366
0,6151,-0.0027198838
0,6152,0.0470345
0,6153,0.21080106
0,6154,0.1804936
0,6155,0.0861425
0,6156,0.007017131
0,6157,0.03631633
0,6158,0.02956247
0,6159,0.056118842
0,6160,0.033892747
0,6161,0.264388
0,6162,0.07943415
0,6163,0.07938527
0,6164,0.13612041
0,6165,0.11104783
0,6166,0.05836555
0,6167,0.4226663
0,6168,0.043344703
0,6169,0.12110578
0,6170,0.08422049
0,6171,0.08184876
0,6172,0.07336267
0,6173,0.009223009
0,6174,-0.004094069
0,6175,0.033819254
0,6176,0.058602866
0,6177,0.05678856
0,6178,0.20701241
0,6179,0.007017995
0,6180,0.008805002
0,6181,0.073034875
0,6182,0.09681501
0,6183,0.039829012
0,6184,0.011265363
0,6185,0.014237787
0,6186,0.10099613
0,6187,0.031349655
0,6188,0.03550392
0,6189,0.05886581
0,6190,-0.00048751105
0,6191,0.056406494
0,6192,0.109299
0,6193,0.06296884
0,6194,0.12999219
0,6195,0.13226038
0,6196,0.015006716
0,6197,0.016716566
0,6198,0.11494308
0,6199,0.15543973
0,6200,0.18926567
0,6201,0.23372751
0,6202,0.015765961
0,6203,0.16635898
0,6204,0.2619315
0,6205,0.12689015
0,6206,0.0087176515
0,6207,0.065385304
0,6208,0.13056433
0,6209,0.15069383
0,6210,0.026653972
0,6211,0.03281587
0,6212,0.085992776
0,6213,0.067486905
0,6214,0.26258332
0,6215,0.18207818
0,6216,0.08826583
0,6217,0.09583824
0,6218,0.032689597
0,6219,0.025265452
0,6220,0.2508996
0,6221,0.06888481
0,6222,0.058512237
0,6223,0.22742122
0,6224,0.045676347
0,6225,0.10808607
0,6226,0.13059348
0,6227,0.06462108
0,6228,0.04588714
0,6229,0.037630346
0,6230,-0.00042322744
0,6231,0.18229866
0,6232,0.14298218
0,6233,0.13077152
0,6234,0.12374016
0,6235,0.27310547
0,6236,0.18475488
0,6237,0.3040824
0,6238,0.15157169
0,6239,0.1861291
0,6240,0.19530067
0,6241,0.11854758
0,6242,0.019253846
0,6243,0.06665369
0,6244,0.03137147
0,6245,0.23269758
0,6246,0.12825736
0,6247,0.0042968644
0,6248,0.1859603
0,6249,0.18799722
0,6250,0.11882795
0,6251,0.14405549
0,6252,0.15778035
0,6253,0.12855953
0,6254,0.055505242
0,6255,0.24940827
0,6256,0.10108786
0,6257,0.14849764
0,6258,0.07873734
0,6259,0.100675546
0,6260,0.22596034
0,6261,0.06370943
0,6262,0.18053189
0,6263,0.1744054
0,6264,0.104679726
0,6265,0.1770075
0,6266,0.1353831
0,6267,0.032404896
0,6268,0.15253156
0,6269,0.03819364
0,6270,0.15666616
0,6271,0.29957843
0,6272,0.035432335
0,6273,0.12851378
0,6274,0.037625995
0,6275,0.0636655
0,6276,0.11307206
0,6277,0.095495395
0,6278,0.12303539
0,6279,0.09968405
0,6280,0.004070039
0,6281,0.069457375
0,6282,0.10703539
0,6283,0.03753304
0,6284,0.091366105
0,6285,0.07332861
0,6286,0.10385292
0,6287,0.16050893
0,6288,0.2784003
0,6289,0.022517439
0,6290,0.18968308
0,6291,0.09045904
0,6292,0.18651962
0,6293,0.029081281
0,6294,0.049749937
0,6295,0.01898205
0,6296,0.11321884
0,6297,0.17807066
0,6298,0.016217675
0,6299,0.07468694
0,6300,0.15462628
0,6301,0.13025358
0,6302,0.013380553
0,6303,0.12794822
0,6304,0.18177631
0,6305,0.13337374
0,6306,0.017317709
0,6307,0.052075114
0,6308,0.13984594
0,6309,0.023272391
0,6310,0.032254335
0,6311,0.030900266
0,6312,0.0357601
0,6313,0.08013707
0,6314,0.28966755
0,6315,0.099103
0,6316,0.0858381
0,6317,0.17186439
0,6318,0.0017484678
0,6319,0.14630342
0,6320,0.025144603
0,6321,0.10935225
0,6322,0.21480119
0,6323,0.24118644
0,6324,0.012028749
0,6325,0.20533341
0,6326,-0.0023166882
0,6327,0.17019448
0,6328,0.06960165
0,6329,0.064394884
0,6330,0.09398242
0,6331,0.14345005
0,6332,0.1087917
0,6333,0.020722028
0,6334,0.039991017
0,6335,0.16003543
0,6336,0.0457662
0,6337,0.12764445
0,6338,0.14297718
0,6339,-0.0033301162
0,6340,0.35495338
0,6341,0.17277575
0,6342,0.22045359
0,6343,0.07221361
0,6344,0.14333758
0,6345,0.08484008
0,6346,0.2666792
0,6347,-0.0049153017
0,6348,-0.003922914
0,6349,0.047452208
0,6350,0.15729895
0,6351,0.12166964
0,6352,0.047391113
0,6353,0.08748614
0,6354,0.15218389
0,6355,0.00056582224
0,6356,0.047669705
0,6357,0.24202831
0,6358,0.11794197
0,6359,0.39564392
0,6360,0.38221952
0,6361,0.23987976
0,6362,0.037209447
0,6363,0.13221315
0,6364,0.029370394
0,6365,0.05309775
0,6366,0.25654364
0,6367,0.004582758
0,6368,0.15803874
0,6369,0.001170571
0,6370,0.11909383
0,6371,0.19844067
0,6372,0.23452663
0,6373,0.06435304
0,6374,0.2522437
0,6375,0.18481001
0,6376,0.16788733
0,6377,0.035202052
0,6378,0.019883182
0,6379,0.03097206
0,6380,0.21289095
0,6381,0.074329756
0,6382,0.09362566
0,6383,0.094220124
0,6384,0.12524289
0,6385,0.24328366
0,6386,0.001751299
0,6387,0.18109792
0,6388,0.2238329
0,6389,0.18230939
0,6390,0.051420804
0,6391,0.016578283
0,6392,0.15188557
0,6393,0.050611015
0,6394,0.0219596
0,6395,0.063102596
0,6396,0.043166008
0,6397,0.16788867
0,6398,0.17265612
0,6399,0.09840458
0,6400,0.08867549
0,6401,0.21968392
0,6402,0.094015054
0,6403,0.09953796
0,6404,0.1190794
0,6405,0.26224303
0,6406,0.014533187
0,6407,0.080699556
0,6408,0.06572398
0,6409,0.22026122
0,6410,0.18521982
0,6411,0.05168101
0,6412,0.13164642
0,6413,0.24814379
0,6414,0.19510165
0,6415,0.107262306
0,6416,0.09513327
0,6417,0.27256766
0,6418,0.066669874
0,6419,0.080919825
0,6420,0.16088635
0,6421,0.02605253
0,6422,0.12762582
0,6423,0.1878199
0,6424,0.0019350005
0,6425,0.10381632
0,6426,0.1274372
0,6427,0.0570707
0,6428,0.101785414
0,6429,0.14367345
0,6430,0.020329084
0,6431,0.04042014
0,6432,0.00818413
0,6433,0.032541063
0,6434,0.03547835
0,6435,0.043871876
0,6436,0.033247586
0,6437,0.1520741
0,6438,0.05395415
0,6439,0.18328059
0,6440,0.026356604
0,6441,0.39396322
0,6442,0.043395694
0,6443,0.026822891
0,6444,0.12484109
0,6445,-0.0036187517
0,6446,-0.004788642
0,6447,0.10278713
0,6448,0.055652168
0,6449,0.10442873
0,6450,0.15728498
0,6451,0.177329
0,6452,0.16447741
0,6453,0.2310726
0,6454,0.024564948
0,6455,0.10385858
0,6456,0.06322836
0,6457,0.05175584
0,6458,0.15508753
0,6459,0.08550065
0,6460,0.16960669
0,6461,0.14961329
0,6462,0.012685533
0,6463,0.27068725
0,6464,0.0047482504
0,6465,0.21196574
0,6466,0.038167235
0,6467,0.20723397
0,6468,0.023333665
0,6469,0.27259415
0,6470,0.21101151
0,6471,0.26982343
0,6472,0.17138019
0,6473,0.19875002
0,6474,0.08963858
0,6475,0.33134326
0,6476,0.24229869
0,6477,0.104499154
0,6478,0.35432512
0,6479,0.039874133
0,6480,0.032875355
0,6481,0.2137922
0,6482,0.019183602
0,6483,0.14453754
0,6484,0.2219559
0,6485,0.08285498
0,6486,0.02555975
0,6487,0.08913963
0,6488,0.08562099
0,6489,0.09173023
0,6490,0.19147974
0,6491,0.12380337
0,6492,0.17016411
0,6493,0.050939467
0,6494,0.17607588
0,6495,-0.0029293345
0,6496,0.14159882
0,6497,0.2008189
0,6498,0.08350881
0,6499,0.1808472
0,6500,0.029202636
0,6501,0.06301009
0,6502,0.14412987
0,6503,0.056514855
0,6504,0.03562283
0,6505,0.06338879
0,6506,0.15797204
0,6507,0.14409232
0,6508,0.096960865
0,6509,0.08430856
0,6510,0.001446302
0,6511,0.26287323
0,6512,0.22607395
0,6513,0.07377481
0,6514,0.2878703
0,6515,0.15042749
0,6516,0.051798042
0,6517,0.10141181
0,6518,0.15712363
0,6519,0.05258545
0,6520,0.08253311
0,6521,0.07307383
0,6522,0.08295032
0,6523,0.17866811
0,6524,0.045189824
0,6525,0.12083902
0,6526,0.11259832
0,6527,0.11190512
0,6528,0.069740705
0,6529,0.16166088
0,6530,0.035352375
0,6531,0.13148114
0,6532,0.107649826
0,6533,0.14825639
0,6534,0.053612288
0,6535,0.26772022
0,6536,0.05164432
0,6537,0.06573915
0,6538,0.08447104
0,6539,0.09261867
0,6540,0.12403976
0,6541,0.0056531383
0,6542,0.101919554
0,6543,0.13224137
0,6544,0.093428575
0,6545,0.038837966
0,6546,0.06798359
0,6547,0.013405795
0,6548,0.017849322
0,6549,0.024878617
0,6550,0.052670117
0,6551,0.126006
0,6552,0.20743811
0,6553,0.07733839
0,6554,0.12369888
0,6555,0.11581033
0,6556,0.0718345
0,6557,0.09992426
0,6558,0.038217332
0,6559,0.14007694
0,6560,0.22573239
0,6561,0.03251406
0,6562,0.15783161
0,6563,0.15162891
0,6564,0.27734202
0,6565,0.1019383
0,6566,0.0052629365
0,6567,0.08064731
0,6568,0.01972675
0,6569,0.26486582
0,6570,0.3470652
0,6571,0.23654327
0,6572,0.07028579
0,6573,0.102991186
0,6574,0.14343789
0,6575,0.03297269
0,6576,0.16267037
0,6577,0.09163993
0,6578,0.1278843
0,6579,0.19226807
0,6580,0.03991514
0,6581,0.23076114
0,6582,0.11231243
0,6583,0.12983379
0,6584,0.14238265
0,6585,0.10716086
0,6586,0.037854847
0,6587,0.20275885
0,6588,0.07250839
0,6589,0.05401736
0,6590,0.07686644
0,6591,0.02086186
0,6592,0.2402255
0,6593,0.28374574
0,6594,0.0647568
0,6595,0.05037981
0,6596,0.1647582
0,6597,0.018517848
0,6598,0.047768053
0,6599,0.23367506
0,6600,0.044038292
0,6601,0.026204642
0,6602,0.03926542
0,6603,-0.0046109306
0,6604,0.0558812
0,6605,0.09205001
0,6606,0.021777268
0,6607,0.19050658
0,6608,0.20388779
0,6609,0.08626937
0,6610,0.04292875
0,6611,0.14547047
0,6612,0.18071586
0,6613,0.015149708
0,6614,0.0997495
0,6615,0.06421428
0,6616,0.38302022
0,6617,0.0063919974
0,6618,0.08465015
0,6619,0.10004421
0,6620,0.156035
0,6621,0.05687922
0,6622,0.052484985
0,6623,0.18006527
0,6624,0.03858688
0,6625,0.06610178
0,6626,0.004597123
0,6627,0.0010312749
0,6628,0.18377668
0,6629,0.19422299
0,6630,0.1268071
0,6631,0.13653567
0,6632,0.25287548
0,6633,0.12560013
0,6634,0.09115013
0,6635,0.061570164
0,6636,0.30489433
0,6637,0.011484082
0,6638,0.10305976
0,6639,0.068619125
0,6640,0.00788563
0,6641,0.0053036464
0,6642,0.061622825
0,6643,0.10435813
0,6644,0.30235758
0,6645,0.08698293
0,6646,0.09946137
0,6647,0.08081611
0,6648,0.058875557
0,6649,0.09024768
0,6650,0.19843453
0,6651,0.10147142
0,6652,-0.0013336586
0,6653,0.10929864
0,6654,0.16806316
0,6655,-0.003929292
0,6656,0.15099278
0,6657,0.17057532
0,6658,0.24562958
0,6659,0.22067803
0,6660,0.15309039
0,6661,0.09757825
0,6662,0.23132324
0,6663,0.07201227
0,6664,0.053208765
0,6665,0.06601419
0,6666,0.14274523
0,6667,0.17034993
0,6668,0.030098733
0,6669,0.10069107
0,6670,0.0005537225
0,6671,0.0970104
0,6672,0.08570393
0,6673,0.09089338
0,6674,0.030475017
0,6675,0.06385025
0,6676,0.05615237
0,6677,0.059839662
0,6678,0.23510945
0,6679,0.10119378
0,6680,0.41690144
0,6681,0.15897381
0,6682,0.0054902984
0,6683,0.1267013
0,6684,0.04816213
0,6685,0.13729334
0,6686,0.06892761
0,6687,0.26949462
0,6688,0.1793887
0,6689,0.021248724
0,6690,0.09279018
0,6691,0.19245678
0,6692,0.052155074
0,6693,0.18222067
0,6694,-0.004282837
0,6695,0.019403722
0,6696,0.21130681
0,6697,0.13839072
0,6698,0.12676325
0,6699,0.19576913
0,6700,0.084666334
0,6701,-0.0033686804
0,6702,0.150585
0,6703,0.27063644
0,6704,0.054482814
0,6705,0.17345074
0,6706,0.033185
0,6707,0.118414275
0,6708,0.057143297
0,6709,0.038411852
0,6710,0.16567141
0,6711,0.16670671
0,6712,0.22039348
0,6713,0.25597113
0,6714,0.07321694
0,6715,-0.001472299
0,6716,0.14201313
0,6717,0.15954012
0,6718,0.0017319871
0,6719,0.10105579
0,6720,0.058159437
0,6721,0.25092655
0,6722,0.023901995
0,6723,0.16214862
0,6724,0.101927124
0,6725,0.022274252
0,6726,0.073778115
0,6727,0.011632289
0,6728,0.20860499
0,6729,0.037957873
0,6730,0.042217012
0,6731,0.09222003
0,6732,0.16421264
0,6733,0.16118884
0,6734,0.061028358
0,6735,0.17898154
0,6736,0.14823276
0,6737,-0.0028047906
0,6738,0.0044332696
0,6739,0.0068237437
0,6740,0.07811471
0,6741,0.26837954
0,6742,0.10697623
0,6743,0.15357691
0,6744,0.09600913
0,6745,0.11713173
0,6746,0.11221629
0,6747,0.19334948
0,6748,0.14645347
0,6749,0.06323882
0,6750,0.105220966
0,6751,0.01854327
0,6752,0.122834705
0,6753,0.12121948
0,6754,0.079882555
0,6755,0.30714476
0,6756,0.106884055
0,6757,-0.0019993233
0,6758,0.015783098
0,6759,0.11706134
0,6760,0.14009124
0,6761,0.07997801
0,6762,0.09121942
0,6763,0.28071696
0,6764,0.037953105
0,6765,0.09426703
0,6766,0.03350171
0,6767,0.20463431
0,6768,0.037867423
0,6769,0.043721493
0,6770,0.04124671
0,6771,0.045465525
0,6772,0.07889285
0,6773,0.030530568
0,6774,0.07278841
0,6775,0.033237394
0,6776,0.13145587
0,6777,0.06417345
0,6778,0.057274994
0,6779,0.10227024
0,6780,0.13299286
0,6781,0.13013566
0,6782,0.012994881
0,6783,0.023387846
0,6784,0.17464736
0,6785,0.21327278
0,6786,0.007475014
0,6787,0.12496161
0,6788,0.05735975
0,6789,0.0454905
0,6790,0.22079325
0,6791,0.2308883
0,6792,0.03347313
0,6793,0.040583815
0,6794,0.08280473
0,6795,0.1433621
0,6796,0.18219435
0,6797,0.16768253
0,6798,0.11580943
0,6799,0.024565335
0,6800,0.12833402
0,6801,0.38214806
0,6802,0.20012575
0,6803,0.052674767
0,6804,0.06528353
0,6805,0.054552313
0,6806,0.08321773
0,6807,0.072840236
0,6808,0.043046083
0,6809,0.007077004
0,6810,0.02274501
0,6811,0.22766778
0,6812,0.025906201
0,6813,0.073466115
0,6814,0.010073925
0,6815,0.09221768
0,6816,0.04898524
0,6817,-0.0019959854
0,6818,0.07711428
0,6819,0.023226526
0,6820,0.34115422
0,6821,0.047749814
0,6822,0.22005099
0,6823,0.19568133
0,6824,0.09957915
0,6825,0.098457
0,6826,0.052319076
0,6827,0.3815791
0,6828,0.077719174
0,6829,0.113487415
0,6830,0.06600463
0,6831,0.10387912
0,6832,0.22263464
0,6833,0.25009257
0,6834,0.11196097
0,6835,0.119011484
0,6836,0.017645743
0,6837,0.17143983
0,6838,0.060282048
0,6839,0.37326932
0,6840,0.1844962
0,6841,0.11798232
0,6842,0.06756132
0,6843,0.21105641
0,6844,0.022136565
0,6845,0.0121132685
0,6846,0.1392169
0,6847,0.29528826
0,6848,0.045342978
0,6849,0.009085531
0,6850,0.14946142
0,6851,0.1809121
0,6852,0.00082632434
0,6853,0.14482784
0,6854,0.04345369
0,6855,0.2232337
0,6856,0.045045372
0,6857,0.05427518
0,6858,-0.0029388117
0,6859,0.21104264
0,6860,0.35681784
0,6861,0.41654634
0,6862,0.05361664
0,6863,0.008904601
0,6864,0.017152306
0,6865,0.2056033
0,6866,0.042783078
0,6867,0.17610699
0,6868,0.022685822
0,6869,0.12790456
0,6870,0.15091366
0,6871,0.025651928
0,6872,0.30197114
0,6873,0.07596203
0,6874,0.21218368
0,6875,0.114957504
0,6876,0.22219345
0,6877,0.13194829
0,6878,0.36977232
0,6879,0.19205758
0,6880,0.018948581
0,6881,0.11061307
0,6882,4.6635978e-05
0,6883,0.010718162
0,6884,0.07394936
0,6885,0.07049357
0,6886,0.09627121
0,6887,0.07942962
0,6888,0.052709278
0,6889,0.27372065
0,6890,0.062493738
0,6891,0.09541761
0,6892,0.11212348
0,6893,0.15003431
0,6894,0.35578305
0,6895,0.14135009
0,6896,0.21257249
0,6897,0.0060176505
0,6898,0.14136347
0,6899,0.14414465
0,6900,0.12049597
0,6901,0.20180887
0,6902,0.007852371
0,6903,0.120592825
0,6904,0.30301696
0,6905,0.1485143
0,6906,0.28223673
0,6907,0.08749034
0,6908,0.015342231
0,6909,0.12058153
0,6910,0.08015963
0,6911,0.17898858
0,6912,0.0066413237
0,6913,0.0073575927
0,6914,0.1379025
0,6915,0.07663637
0,6916,0.20163223
0,6917,0.11295956
0,6918,0.051387426
0,6919,0.15291438
0,6920,0.3057726
0,6921,0.00096112024
0,6922,0.2215536
0,6923,0.016777184
0,6924,0.022222724
0,6925,0.088240825
0,6926,0.09325274
0,6927,-0.00045675505
0,6928,0.124116324
0,6929,-0.0021352218
0,6930,0.015051956
0,6931,0.122395806
0,6932,0.17611447
0,6933,0.19642091
0,6934,0.35090902
0,6935,0.16865161
0,6936,0.20677394
0,6937,0.053151783
0,6938,0.10120653
0,6939,0.2463839
0,6940,0.033118095
0,6941,0.15227282
0,6942,0.030573394
0,6943,0.07405647
0,6944,0.111170046
0,6945,0.0651994
0,6946,0.09262826
0,6947,0.06781655
0,6948,0.07053547
0,6949,0.071156345
0,6950,0.06483867
0,6951,0.032895084
0,6952,0.032694783
0,6953,0.26454097
0,6954,0.22134703
0,6955,0.086469196
0,6956,0.008165504
0,6957,0.06242716
0,6958,-0.0021453546
0,6959,0.029097851
0,6960,0.061072316
0,6961,0.19499078
0,6962,0.32573754
0,6963,0.11020201
0,6964,0.10397234
0,6965,0.0645765
0,6966,0.04411387
0,6967,0.0061967922
0,6968,0.088439934
0,6969,0.077605985
0,6970,0.15958685
0,6971,0.05042964
0,6972,0.026878085
0,6973,0.34110355
0,6974,0.087202124
0,6975,0.0061331345
0,6976,0.0775749
0,6977,0.06263011
0,6978,0.067093365
0,6979,0.20308235
0,6980,0.32572854
0,6981,0.039217945
0,6982,0.100082986
0,6983,0.015993979
0,6984,0.07394352
0,6985,0.076609544
0,6986,0.015105481
0,6987,0.18582937
0,6988,0.010048206
0,6989,0.19362488
0,6990,0.16196173
0,6991,0.15110353
0,6992,0.04910433
0,6993,0.08818265
0,6994,0.013547833
0,6995,0.1360417
0,6996,0.044672903
0,6997,0.12443297
0,6998,0.16268727
0,6999,0.01844835
0,7000,0.2563262
0,7001,0.1367993
0,7002,0.03135937
0,7003,0.086935215
0,7004,0.15150082
0,7005,0.13159922
0,7006,0.043518808
0,7007,0.095961265
0,7008,0.042158242
0,7009,0.052177664
0,7010,0.22223857
0,7011,0.24307
0,7012,0.14063597
0,7013,0.12560984
0,7014,0.048684474
0,7015,0.022902425
0,7016,0.08863246
0,7017,0.20625398
0,7018,0.0574536
0,7019,0.12287589
0,7020,0.25687826
0,7021,0.030720767
0,7022,0.029659
0,7023,0.077064805
0,7024,0.093431376
0,7025,0.1167522
0,7026,0.026757415
0,7027,0.032815512
0,7028,0.3438696
0,7029,0.012665327
0,7030,0.0031508757
0,7031,0.06708824
0,7032,0.13206583
0,7033,0.028423842
0,7034,0.023604568
0,7035,0.017970499
0,7036,0.038349386
0,7037,0.11767613
0,7038,0.082712404
0,7039,0.15960175
0,7040,0.119155936
0,7041,0.2878402
0,7042,0.199155
0,7043,0.12538156
0,7044,0.12889892
0,7045,0.01868653
0,7046,0.14163196
0,7047,0.053124573
0,7048,0.35413724
0,7049,0.10134562
0,7050,0.10324242
0,7051,0.104996584
0,7052,0.061289843
0,7053,0.050413188
0,7054,0.0049751354
0,7055,0.010635252
0,7056,0.008301969
0,7057,0.1040312
0,7058,0.059068616
0,7059,0.09154075
0,7060,0.06358319
0,7061,0.21071306
0,7062,0.04953679
0,7063,0.058992054
0,7064,0.082119964
0,7065,0.48638964
0,7066,0.0834273
0,7067,0.22362208
0,7068,0.117432855
0,7069,0.15485024
0,7070,0.063634925
0,7071,0.021985736
0,7072,0.12717706
0,7073,0.1832686
0,7074,0.22021237
0,7075,0.09744861
0,7076,0.0016962839
0,7077,0.17952144
0,7078,0.107261054
0,7079,0.044241127
0,7080,0.015623833
0,7081,0.015886452
0,7082,0.08676981
0,7083,0.024453934
0,7084,0.051373
0,7085,0.13350451
0,7086,0.060807344
0,7087,0.18182641
0,7088,0.2644146
0,7089,0.00077390205
0,7090,0.007591839
0,7091,0.04317462
0,7092,-0.0014955448
0,7093,0.024907704
0,7094,0.008569474
0,7095,0.029183384
0,7096,0.06788915
0,7097,0.08427014
0,7098,0.23104191
0,7099,0.101132356
0,7100,0.105875306
0,7101,0.3224434
0,7102,0.03793418
0,7103,0.053456362
0,7104,0.11220025
0,7105,0.087308936
0,7106,0.00092127454
0,7107,0.13061878
0,7108,0.06818899
0,7109,0.32992786
0,7110,0.08320313
0,7111,0.06476336
0,7112,0.056414064
0,7113,0.060079392
0,7114,0.08588671
0,7115,0.10788389
0,7116,0.2633926
0,7117,0.09028118
0,7118,0.021831062
0,7119,0.14318848
0,7120,-0.0048396634
0,7121,-0.0011170553
0,7122,0.23034203
0,7123,0.048649307
0,7124,0.0029734923
0,7125,0.03937542
0,7126,0.06308793
0,7127,0.09028491
0,7128,0.18927482
0,7129,0.05917379
0,7130,0.18842036
0,7131,0.012028868
0,7132,0.16671991
0,7133,0.08964004
0,7134,0.07913985
0,7135,0.08407565
0,7136,0.13835698
0,7137,0.15002361
0,7138,0.14429545
0,7139,0.039317872
0,7140,0.0460813
0,7141,0.017686304
0,7142,0.25973886
0,7143,0.17248169
0,7144,0.30570525
0,7145,0.12905744
0,7146,0.20031863
0,7147,0.24529308
0,7148,0.06841051
0,7149,0.09957247
0,7150,0.25705865
0,7151,-0.0018063532
0,7152,0.12252315
0,7153,0.119649254
0,7154,0.09237205
0,7155,0.20022637
0,7156,0.050794866
0,7157,0.08284169
0,7158,0.24549133
0,7159,0.07250767
0,7160,0.06888559
0,7161,0.28555167
0,7162,0.120175056
0,7163,0.2674102
0,7164,0.002706523
0,7165,0.107676856
0,7166,0.10084077
0,7167,0.08141776
0,7168,0.30684075
0,7169,0.20536625
0,7170,0.031774875
0,7171,0.1871922
0,7172,0.22484663
0,7173,0.081552915
0,7174,0.106245
0,7175,0.11035206
0,7176,0.008614297
0,7177,0.17463487
0,7178,0.09136089
0,7179,0.05209699
0,7180,-0.0012976276
0,7181,0.018809762
0,7182,0.0423606
0,7183,0.004102911
0,7184,0.22258818
0,7185,0.085017525
0,7186,0.16456959
0,7187,0.04148465
0,7188,0.016466018
0,7189,0.054434773
0,7190,0.028731253
0,7191,0.00664186
0,7192,0.27301788
0,7193,0.027449306
0,7194,0.095937304
0,7195,0.013336356
0,7196,0.23360586
0,7197,0.17133299
0,7198,0.050348964
0,7199,-0.0015631365
0,7200,0.013020839
0,7201,0.26207128
0,7202,0.12433725
0,7203,0.06133109
0,7204,0.028304245
0,7205,0.12201946
0,7206,0.12103682
0,7207,0.021021064
0,7208,0.15321511
0,7209,0.26369318
0,7210,0.054577466
0,7211,0.22487468
0,7212,0.05571943
0,7213,0.07307234
0,7214,0.085913174
0,7215,0.04351371
0,7216,0.0038443757
0,7217,0.17452094
0,7218,0.23180777
0,7219,0.05368882
0,7220,0.15080947
0,7221,0.09923252
0,7222,0.019317146
0,7223,0.024342056
0,7224,0.07021018
0,7225,0.09584185
0,7226,0.39207122
0,7227,0.02155682
0,7228,0.09872293
0,7229,0.004851575
0,7230,0.014477785
0,7231,0.053487834
0,7232,0.14688194
0,7233,-0.0014122771
0,7234,0.0014159633
0,7235,0.1429975
0,7236,0.030725833
0,7237,0.2570693
0,7238,0.081626914
0,7239,0.0489577
0,7240,0.23159015
0,7241,0.17229137
0,7242,0.03951734
0,7243,0.11120307
0,7244,0.055099603
0,7245,0.011491354
0,7246,0.15110683
0,7247,0.102698855
0,7248,0.4458729
0,7249,0.09671535
0,7250,0.15201253
0,7251,-0.004047935
0,7252,0.035958197
0,7253,0.07471859
0,7254,-0.0013875114
0,7255,0.07218649
0,7256,0.23766649
0,7257,0.12009018
0,7258,0.30248562
0,7259,0.025265273
0,7260,0.12024831
0,7261,-0.0042116093
0,7262,0.15394014
0,7263,0.0039327396
0,7264,0.041497197
0,7265,0.114212774
0,7266,0.2330173
0,7267,0.11835515
0,7268,0.04872003
0,7269,0.32759932
0,7270,0.08428263
0,7271,0.12964094
0,7272,0.060101625
0,7273,0.029889788
0,7274,0.035748567
0,7275,0.06745895
0,7276,0.019367632
0,7277,0.07975816
0,7278,0.20869368
0,7279,0.0700983
0,7280,0.11915257
0,7281,0.037522014
0,7282,0.05073106
0,7283,0.11843055
0,7284,0.10377001
0,7285,0.08403652
0,7286,0.1382702
0,7287,0.09758472
0,7288,0.04263952
0,7289,0.2205075
0,7290,0.038212355
0,7291,0.03407323
0,7292,0.09327375
0,7293,0.08311402
0,7294,0.0015160991
0,7295,0.001150514
0,7296,0.16992468
0,7297,-0.0017167376
0,7298,0.09517821
0,7299,0.0063809706
0,7300,0.16653204
0,7301,0.062007543
0,7302,0.15568137
0,7303,0.0034813238
0,7304,0.04510283
0,7305,0.226004
0,7306,0.27265084
0,7307,0.13931715
0,7308,0.21218479
0,7309,0.013287689
0,7310,0.045981284
0,7311,0.13343021
0,7312,0.14622182
0,7313,0.16028053
0,7314,0.14696038
0,7315,0.073619
0,7316,0.2443589
0,7317,0.1575157
0,7318,0.092784725
0,7319,0.049365487
0,7320,0.23582038
0,7321,0.10662048
0,7322,0.20198649
0,7323,0.074467175
0,7324,0.26958004
0,7325,0.08167731
0,7326,0.1163181
0,7327,0.056192096
0,7328,0.20240116
0,7329,0.0075225187
0,7330,0.10296064
0,7331,0.051702496
0,7332,0.16604638
0,7333,0.049269583
0,7334,0.03388482
0,7335,0.17408195
0,7336,0.06449648
0,7337,0.23406053
0,7338,0.0916174
0,7339,0.0074143363
0,7340,0.105664514
0,7341,0.04700416
0,7342,0.16552737
0,7343,0.32979333
0,7344,0.110659115
0,7345,0.07316422
0,7346,0.0036775423
0,7347,0.19413033
0,7348,0.1302003
0,7349,0.085312
0,7350,0.2498664
0,7351,0.16906035
0,7352,0.30740756
0,7353,0.17233157
0,7354,0.14782232
0,7355,0.22700626
0,7356,0.18720114
0,7357,-0.0021556662
0,7358,0.110526435
0,7359,0.36574858
0,7360,0.1905374
0,7361,0.08134376
0,7362,0.13384733
0,7363,0.10078596
0,7364,0.17026213
0,7365,0.13917303
0,7366,0.10266893
0,7367,0.14209965
0,7368,0.07362413
0,7369,0.1040655
0,7370,0.24220046
0,7371,0.022763398
0,7372,0.103612654
0,7373,0.03690898
0,7374,0.18026724
0,7375,0.040106293
0,7376,0.18039304
0,7377,0.039228287
0,7378,0.17406425
0,7379,0.050993677
0,7380,0.11023899
0,7381,0.030747171
0,7382,0.2024785
0,7383,0.11964556
0,7384,0.014544721
0,7385,0.1279338
0,7386,0.17516896
0,7387,0.0039041592
0,7388,0.0005896045
0,7389,0.25085282
0,7390,0.40910882
0,7391,0.06595843
0,7392,0.07618039
0,7393,0.11868163
0,7394,0.17262629
0,7395,0.049192872
0,7396,0.06891387
0,7397,0.10562285
0,7398,0.06092691
0,7399,0.05674961
0,7400,0.22199172
0,7401,0.29000804
0,7402,0.016371246
0,7403,0.045292523
0,7404,0.2379503
0,7405,0.18531355
0,7406,0.013487871
0,7407,0.13684636
0,7408,0.101791404
0,7409,0.032700446
0,7410,0.08191543
0,7411,0.16604698
0,7412,0.045153674
0,7413,0.07863306
0,7414,0.0028487993
0,7415,0.21899569
0,7416,0.11274313
0,7417,0.086882554
0,7418,0.093228124
0,7419,0.10646286
0,7420,0.0020217253
0,7421,0.34065038
0,7422,0.11061945
0,7423,0.09030833
0,7424,0.0017141951
0,7425,0.26306307
0,7426,0.012784
0,7427,0.0333949
0,7428,0.03879481
0,7429,0.08049967
0,7430,0.1399374
0,7431,0.04721048
0,7432,0.0039043082
0,7433,0.019422945
0,7434,0.08639016
0,7435,0.18939269
0,7436,0.023675974
0,7437,0.116844766
0,7438,0.08581173
0,7439,0.08723038
0,7440,0.042151656
0,7441,0.1754573
0,7442,0.052512344
0,7443,0.035092946
0,7444,0.041087504
0,7445,0.028201517
0,7446,0.0036640717
0,7447,0.21956506
0,7448,0.09006386
0,7449,0.11328771
0,7450,0.016329434
0,7451,0.047389504
0,7452,0.1691367
0,7453,0.019440588
0,7454,0.007353748
0,7455,0.23373425
0,7456,0.025024887
0,7457,0.004241134
0,7458,0.16647315
0,7459,0.15564081
0,7460,0.10009753
0,7461,0.08669751
0,7462,0.0007697297
0,7463,0.17960969
0,7464,0.027149256
0,7465,-0.00476629
0,7466,0.060215916
0,7467,0.13437104
0,7468,0.085074
0,7469,0.22927532
0,7470,0.14714143
0,7471,0.1728971
0,7472,0.1884959
0,7473,0.20949548
0,7474,0.040202435
0,7475,0.03447109
0,7476,0.23114336
0,7477,-0.00036210287
0,7478,0.048320618
0,7479,0.1225776
0,7480,0.16634485
0,7481,0.007199402
0,7482,0.13015273
0,7483,0.051019844
0,7484,0.061640915
0,7485,0.04589158
0,7486,0.19467208
0,7487,0.10455798
0,7488,0.020850327
0,7489,0.11385449
0,7490,0.16793483
0,7491,0.087108575
0,7492,0.08440589
0,7493,0.093309544
0,7494,0.12846065
0,7495,0.14500046
0,7496,0.04885983
0,7497,0.041571077
0,7498,0.04302403
0,7499,0.097876124
0,7500,0.17290437
0,7501,0.062127437
0,7502,0.016651835
0,7503,0.13797104
0,7504,0.06815695
0,7505,0.27181682
0,7506,0.014794285
0,7507,0.076719634
0,7508,0.093547605
0,7509,0.11639916
0,7510,0.068439476
0,7511,0.05713051
0,7512,0.08086955
0,7513,0.11517917
0,7514,0.0635974
0,7515,0.058248337
0,7516,0.07684588
0,7517,0.1933912
0,7518,0.005722399
0,7519,-0.0024036812
0,7520,0.027365264
0,7521,0.047093775
0,7522,0.24102473
0,7523,0.013972337
0,7524,0.11641096
0,7525,0.122414224
0,7526,0.0100581
0,7527,0.09619018
0,7528,0.052900013
0,7529,0.11456256
1,0,0.0024446798
1,1,0.052184876
1,2,0.0228883
1,3,0.0034450842
1,4,0.07919704
1,5,0.013452406
1,6,0.013405795
1,7,0.02524465
1,8,-0.002418344
1,9,0.0045565916
1,10,-0.0017495798
1,11,-0.0012394832
1,12,0.0047038747
1,13,0.01703268
1,14,0.008245821
1,15,0.021803077
1,16,0.020301517
1,17,0.028406736
1,18,0.03921544
1,19,-0.0030294703
1,20,0.010537739
1,21,0.025351282
1,22,0.018669423
1,23,0.052272435
1,24,0.007666643
1,25,0.016750094
1,26,0.054419097
1,27,0.025343772
1,28,0.10059594
1,29,0.025769409
1,30,0.023900505
1,31,-0.0020489143
1,32,0.049829718
1,33,0.030444022
1,34,0.06595277
1,35,0.022166964
1,36,0.100151114
1,37,-0.0009616064
1,38,0.0020945026
1,39,0.054737862
1,40,0.0031429483
1,41,0.0017457558
1,42,0.037927743
1,43,0.06573599
1,44,0.07558804
1,45,0.043122347
1,46,0.113650076
1,47,0.035102185
1,48,0.036020692
1,49,0.12212681
1,50,0.048796233
1,51,0.06363236
1,52,0.07886385
1,53,0.006856735
1,54,0.024848457
1,55,0.018311616
1,56,0.0025238944
1,57,0.035881456
1,58,0.022109445
1,59,0.027019676
1,60,0.073178284
1,61,0.023316082
1,62,0.04454815
1,63,0.03864157
1,64,0.06554281
1,65,0.045405086
1,66,0.033307787
1,67,0.0038739396
1,68,0.042581733
1,69,0.01109695
1,70,0.0324195
1,71,0.02082109
1,72,0.07951426
1,73,0.044337865
1,74,0.051515277
1,75,0.020948883
1,76,0.02143186
1,77,0.012257154
1,78,0.023962494
1,79,0.033199903
1,80,0.015818175
1,81,0.010949249
1,82,0.102240734
1,83,0.04704189
1,84,0.018550929
1,85,0.066004924
1,86,0.0023629619
1,87,0.047825214
1,88,0.04286408
1,89,0.028539594
1,90,-0.0027355598
1,91,0.024141308
1,92,0.01429307
1,93,0.05079412
1,94,0.009526606
1,95,0.049008127
1,96,0.0428639
1,97,0.015101249
1,98,0.019571181
1,99,0.04709893
1,100,0.015237088
1,101,0.030063625
1,102,0.019995447
1,103,-0.0023707198
1,104,0.025623854
1,105,0.014078672
1,106,0.040995296
1,107,0.008205588
1,108,0.037678774
1,109,0.007567878
1,110,0.0019528223
1,111,0.0024499847
1,112,0.049475368
1,113,-0.00415272
1,114,0.0068325354
1,115,0.038274582
1,116,0.0073713018
1,117,-0.0039344477
1,118,-2.2356398e-05
1,119,0.020798381
1,120,0.01065814
1,121,-0.0014936375
1,122,0.015932377
1,123,0.0018250896
1,124,0.04186153
1,125,0.0014973236
1,126,0.0002675606
1,127,0.035834428
1,128,0.0016885949
1,129,0.024781045
1,130,0.012026723
1,131,0.048761006
1,132,0.0024902774
1,133,-0.002279763
1,134,-0.0042304443
1,135,0.04471564
1,136,0.033235844
1,137,0.021528479
1,138,0.0006512953
1,139,-0.0031811642
1,140,0.026080783
1,141,0.011453862
1,142,0.053502377
1,143,0.03941005
1,144,0.017811414
1,145,0.05470365
1,146,0.05007815
1,147,0.0128061725
1,148,0.015993591
1,149,0.016218003
1,150,0.0003448082
1,151,0.0025813533
1,152,0.012728806
1,153,0.009562905
1,154,0.060796853
1,155,0.0006644083
1,156,0.020629462
1,157,0.0067380024
1,158,0.029103871
1,159,0.014053042
1,160,-0.00418282
1,161,0.005056734
1,162,0.0034615947
1,163,0.020975944
1,164,0.020505842
1,165,-0.00024146307
1,166,0.012689884
1,167,0.010524924
1,168,0.030255552
1,169,0.011382456
1,170,0.03221583
1,171,0.06876444
1,172,0.0042865826
1,173,0.041806396
1,174,0.03941017
1,175,0.027095791
1,176,0.034230348
1,177,0.005795355
1,178,0.053818103
1,179,0.02490997
1,180,0.022323903
1,181,0.025621828
1,182,0.05254757
1,183,0.011574562
1,184,4.654657e-05
1,185,0.040456887
1,186,0.0109888865
1,187,0.059823867
1,188,0.0017850352
1,189,0.048177537
1,190,0.08462154
1,191,0.027117487
1,192,0.023688491
1,193,0.021583136
1,194,0.047407564
1,195,0.002216692
1,196,0.02173334
1,197,0.022859152
1,198,0.002807851
1,199,0.009635146
1,200,0.008476789
1,201,0.033983883
1,202,0.02820718
1,203,0.03475618
1,204,0.0076202704
1,205,0.013056393
1,206,0.00021039974
1,207,-0.0036183642
1,208,0.027352806
1,209,0.015050585
1,210,0.02254742
1,211,0.038930174
1,212,-0.003165667
1,213,0.023746189
1,214,-0.00024623144
1,215,0.011732216
1,216,0.003430183
1,217,0.013936098
1,218,0.008565779
1,219,-0.0026692795
1,220,-0.0011831569
1,221,0.052481946
1,222,0.09333157
1,223,-0.0003920244
1,224,0.09858286
1,225,0.009553785
1,226,0.01972955
1,227,0.07025301
1,228,0.04227471
1,229,0.08926868
1,230,0.013650055
1,231,0.05331677
1,232,0.0320636
1,233,0.06571012
1,234,0.029324945
1,235,0.08099311
1,236,0.041503664
1,237,0.07551473
1,238,0.05953675
1,239,0.0010977341
1,240,0.08082425
1,241,0.010508235
1,242,0.03229427
1,243,0.01622742
1,244,0.046987828
1,245,0.006445582
1,246,0.05070209
1,247,0.0048935963
1,248,0.036630925
1,249,0.04052132
1,250,0.09907871
1,251,0.053677674
1,252,0.030964132
1,253,0.06193429
1,254,0.0617457
1,255,0.00012981426
1,256,0.011277671
1,257,0.051706966
1,258,0.022929545
1,259,0.027462836
1,260,-0.00015056599
1,261,0.087636106
1,262,0.020264264
1,263,0.02085882
1,264,0.009645159
1,265,0.10041862
1,266,0.019019362
1,267,0.03196877
1,268,0.03955948
1,269,0.014959688
1,270,0.028045293
1,271,0.0121702505
1,272,0.052284714
1,273,0.01619589
1,274,0.043461915
1,275,0.07311999
1,276,0.020905431
1,277,0.02422851
1,278,0.030298885
1,279,0.08206885
1,280,0.015186067
1,281,0.019798752
1,282,0.0394088
1,283,0.10924684
1,284,0.07539844
1,285,0.0070887757
1,286,0.071714215
1,287,0.021523412
1,288,0.10353964
1,289,0.028034385
1,290,0.017796274
1,291,0.018337544
1,292,-0.004729693
1,293,0.00526845
1,294,0.05603915
1,295,0.040688273
1,296,0.06942683
1,297,0.11814415
1,298,-0.0032430338
1,299,0.023229774
1,300,0.043034907
1,301,0.02190214
1,302,0.02561843
1,303,0.0072680665
1,304,0.07854699
1,305,-0.0016660737
1,306,0.011737402
1,307,0.024087545
1,308,0.026000854
1,309,0.0113745285
1,310,0.07645833
1,311,0.033473905
1,312,0.056674298
1,313,0.02513146
1,314,0.011092956
1,315,0.15096045
1,316,0.03091323
1,317,0.025562104
1,318,0.10840803
1,319,-0.0031846212
1,320,0.047926124
1,321,0.13659126
1,322,0.040557858
1,323,0.0656169
1,324,0.06593012
1,325,0.053167697
1,326,-0.0003432678
1,327,0.007135148
1,328,0.009600337
1,329,0.08047306
1,330,0.021402236
1,331,-0.0015599178
1,332,0.016114946
1,333,0.056909677
1,334,0.03789061
1,335,0.029425915
1,336,0.15783834
1,337,0.08372789
1,338,0.014080162
1,339,0.059527393
1,340,0.10833567
1,341,0.11497574
1,342,0.09541797
1,343,0.0019945456
1,344,0.035143908
1,345,0.060101446
1,346,0.052970763
1,347,0.08035915
1,348,0.08214461
1,349,0.09517103
1,350,0.019106206
1,351,0.02964991
1,352,0.22663325
1,353,0.08160298
1,354,0.09945553
1,355,0.020707186
1,356,0.035627063
1,357,0.039719757
1,358,0.06408977
1,359,0.11137097
1,360,0.04769003
1,361,0.0123317195
1,362,0.034209307
1,363,-0.0024384903
1,364,0.12437927
1,365,0.0023302985
1,366,0.07817935
1,367,0.062953584
1,368,0.101682894
1,369,0.08199727
1,370,0.051701125
1,371,0.03620493
1,372,0.0675882
1,373,0.042563494
1,374,0.05228978
1,375,0.14387393
1,376,0.01824319
1,377,0.012186046
1,378,0.14705253
1,379,0.03545421
1,380,0.0026732637
1,381,0.12099492
1,382,0.03899532
1,383,0.0043871356
1,384,0.014584477
1,385,0.030841228
1,386,0.047022935
1,387,0.07245993
1,388,0.06857025
1,389,0.07549172
1,390,0.055585023
1,391,0.018078443
1,392,0.06656789
1,393,0.04720008
1,394,0.15584308
1,395,0.0919553
1,396,0.008519049
1,397,0.020443436
1,398,0.12908816
1,399,0.10373645
1,400,0.058754202
1,401,0.00851583
1,402,0.024756845
1,403,0.02307057
1,404,0.07246625
1,405,0.016080376
1,406,0.0024509383
1,407,0.06830471
1,408,0.101394646
1,409,0.0016883565
1,410,0.08532458
1,411,0.08581769
1,412,0.061661895
1,413,0.008822973
1,414,0.07576918
1,415,0.10673987
1,416,0.006324644
1,417,0.058686074
1,418,-0.004432504
1,419,0.101934664
1,420,-0.0028803395
1,421,0.07119583
1,422,0.018855985
1,423,0.06982099
1,424,0.10171359
1,425,0.009382422
1,426,0.031835075
1,427,0.06689083
1,428,0.18622154
1,429,0.04230463
1,430,0.018647727
1,431,0.14459115
1,432,0.15515047
1,433,0.08346503
1,434,0.052841958
1,435,0.0666207
1,436,0.11655616
1,437,0.043612834
1,438,0.121717565
1,439,0.018718418
1,440,0.056530293
1,441,0.0014129234
1,442,0.068038695
1,443,0.036821183
1,444,0.12336778
1,445,0.15957648
1,446,0.12064331
1,447,0.04348707
1,448,0.05944204
1,449,0.08923768
1,450,0.049620148
1,451,0.08741259
1,452,0.07468688
1,453,0.024430152
1,454,0.08767801
1,455,0.058809396
1,456,0.061829384
1,457,0.12131303
1,458,0.19040293
1,459,0.021737155
1,460,0.10857814
1,461,0.050403412
1,462,0.060515758
1,463,0.0215584
1,464,0.07749616
1,465,0.06157374
1,466,0.11205792
1,467,-0.0035990523
1,468,0.15291655
1,469,0.0032927943
1,470,0.06401586
1,471,0.10339599
1,472,0.02905285
1,473,-0.0010748552
1,474,0.0103170825
1,475,0.020642336
1,476,0.04688471
1,477,0.025366303
1,478,6.883871e-05
1,479,0.08847766
1,480,0.066826575
1,481,-0.0005410956
1,482,0.019240495
1,483,0.040732976
1,484,0.03516495
1,485,0.12855458
1,486,0.02549785
1,487,0.04108947
1,488,0.15834647
1,489,0.04554623
1,490,0.052483853
1,491,0.007616992
1,492,0.058485206
1,493,0.07031124
1,494,0.027307387
1,495,0.03926974
1,496,0.14648736
1,497,0.007780726
1,498,0.04610377
1,499,0.006176348
1,500,0.018040951
1,501,0.038168963
1,502,0.13294405
1,503,0.09812873
1,504,0.0021800948
1,505,0.005024369
1,506,0.09880703
1,507,0.035489555
1,508,0.056157347
1,509,0.054121014
1,510,0.06496935
1,511,0.05139559
1,512,0.10587113
1,513,0.005782957
1,514,0.057166334
1,515,0.066648416
1,516,0.029305276
1,517,0.0024992777
1,518,0.072024696
1,519,0.01644164
1,520,0.11245447
1,521,0.116605036
1,522,0.005390103
1,523,0.11273747
1,524,0.0070831133
1,525,0.026191946
1,526,0.0072478605
1,527,0.0048756553
1,528,0.111627035
1,529,0.11057424
1,530,0.0074940277
1,531,0.01218694
1,532,0.00045793783
1,533,0.064005904
1,534,0.01962101
1,535,0.036505695
1,536,0.00967365
1,537,0.10633045
1,538,0.10048699
1,539,0.10106956
1,540,0.047075864
1,541,0.045707103
1,542,0.0016095592
1,543,-0.0030937837
1,544,0.037763234
1,545,0.03665554
1,546,0.0060467673
1,547,0.0955125
1,548,0.0011776043
1,549,0.072888546
1,550,0.12739533
1,551,0.024036165
1,552,0.038132187
1,553,0.039432045
1,554,0.08047693
1,555,0.09939497
1,556,0.13042024
1,557,0.087033324
1,558,0.003893013
1,559,0.01106673
1,560,0.12873799
1,561,0.030223604
1,562,0.003589387
1,563,0.08572828
1,564,0.017451819
1,565,0.02038413
1,566,0.05659127
1,567,0.0389173
1,568,0.083794765
1,569,0.13229269
1,570,0.053902265
1,571,0.0020106388
1,572,0.048502382
1,573,0.08815252
1,574,0.12937284
1,575,-0.0029808925
1,576,0.0050717546
1,577,-0.0038140463
1,578,0.08017706
1,579,0.16826421
1,580,0.08377778
1,581,0.09499543
1,582,0.08099597
1,583,-0.0019750046
1,584,0.04240304
1,585,0.026707407
1,586,0.033938464
1,587,0.0016562892
1,588,0.012777205
1,589,0.083566956
1,590,0.015364523
1,591,0.08316331
1,592,0.0923019
1,593,0.04540592
1,594,0.10828792
1,595,0.06684535
1,596,0.017066237
1,597,0.04878747
1,598,0.04652482
1,599,0.02419221
1,600,-0.00022405852
1,601,0.07153844
1,602,0.055635866
1,603,0.09481525
1,604,0.12908077
1,605,0.016533013
1,606,-0.004754846
1,607,0.14771315
1,608,0.058414873
1,609,0.113816105
1,610,0.08512502
1,611,0.07784223
1,612,0.08003416
1,613,0.07631927
1,614,0.07620662
1,615,0.077452175
1,616,0.14368558
1,617,0.014261092
1,618,0.1811685
1,619,0.045762118
1,620,-0.0044899033
1,621,0.019124385
1,622,0.114227824
1,623,0.031020995
1,624,0.057277318
1,625,0.09598195
1,626,0.10683631
1,627,0.14391464
1,628,0.11456566
1,629,0.058763858
1,630,0.023181673
1,631,0.108967714
1,632,0.086736314
1,633,0.022115525
1,634,0.041583117
1,635,0.03005397
1,636,0.20032012
1,637,0.10258948
1,638,0.09154158
1,639,0.11346697
1,640,0.16408783
1,641,0.085457794
1,642,0.1802367
1,643,0.0094572855
1,644,0.028788801
1,645,0.111881904
1,646,0.018328127
1,647,0.10223644
1,648,0.036329683
1,649,0.035055634
1,650,0.012094851
1,651,0.0017059399
1,652,0.10448157
1,653,0.010959799
1,654,0.042506453
1,655,0.014858718
1,656,0.07079702
1,657,0.03210139
1,658,0.012580211
1,659,0.016049262
1,660,-0.00070590246
1,661,0.09099578
1,662,0.0006333543
1,663,0.010054941
1,664,0.004308994
1,665,0.22293934
1,666,0.00088417064
1,667,0.015790101
1,668,0.12140571
1,669,0.09277021
1,670,0.11697488
1,671,0.09630882
1,672,-0.0029484676
1,673,0.08010905
1,674,0.004079099
1,675,0.0036048247
1,676,0.16146997
1,677,0.06725585
1,678,0.06918191
1,679,0.032071766
1,680,0.11521598
1,681,0.0045853807
1,682,0.07880884
1,683,0.055592533
1,684,0.2598834
1,685,0.009096379
1,686,0.07593202
1,687,0.01231658
1,688,0.024583455
1,689,0.040291127
1,690,0.18382233
1,691,0.02210724
1,692,0.13084781
1,693,0.044699308
1,694,0.02953386
1,695,0.025015768
1,696,0.021225449
1,697,0.06371843
1,698,0.16521877
1,699,0.12859681
1,700,0.13859046
1,701,0.033801075
1,702,0.07132327
1,703,0.117937736
1,704,0.0500558
1,705,0.07411676
1,706,0.06361353
1,707,0.10573351
1,708,0.21247095
1,709,0.041105505
1,710,0.081482045
1,711,0.0019898368
1,712,0.013788934
1,713,0.0026501967
1,714,0.13969648
1,715,0.0035038544
1,716,0.1695059
1,717,0.043315228
1,718,0.025281902
1,719,0.01781803
1,720,0.06810676
1,721,0.04043847
1,722,0.12383073
1,723,0.018494185
1,724,0.10187047
1,725,0.07970636
1,726,0.121091716
1,727,0.0041267825
1,728,-0.0014934586
1,729,0.08944004
1,730,0.052807745
1,731,0.10567134
1,732,0.13810456
1,733,0.22331464
1,734,0.057318565
1,735,0.009559567
1,736,0.018076535
1,737,0.21517935
1,738,0.05503651
1,739,0.116088204
1,740,0.09736585
1,741,0.1380229
1,742,0.015829202
1,743,0.04045492
1,744,0.004692073
1,745,0.035471614
1,746,0.052055296
1,747,0.062131938
1,748,0.035470422
1,749,0.027062174
1,750,0.100214235
1,751,0.021821197
1,752,0.0162937
1,753,0.006370778
1,754,0.12578064
1,755,0.024168607
1,756,0.00999033
1,757,0.1730091
1,758,0.07299959
1,759,0.11067646
1,760,0.20205575
1,761,0.011699672
1,762,0.07855999
1,763,-0.00231189
1,764,0.026001211
1,765,0.026649293
1,766,0.007666941
1,767,0.13168085
1,768,0.008285399
1,769,0.10119253
1,770,0.061735746
1,771,-0.004713689
1,772,0.04505935
1,773,0.048487183
1,774,0.0442298
1,775,0.040593322
1,776,0.1079682
1,777,0.12927365
1,778,0.05820548
1,779,0.15538692
1,780,0.023029204
1,781,0.08404081
1,782,0.053905603
1,783,0.06800287
1,784,0.12690216
1,785,0.12266862
1,786,0.021394785
1,787,-0.004067843
1,788,0.014889474
1,789,0.08147066
1,790,0.11022388
1,791,0.12720466
1,792,-0.0021758722
1,793,0.07367473
1,794,0.14295596
1,795,0.07071441
1,796,0.18797186
1,797,0.014824684
1,798,0.0022371365
1,799,0.0573101
1,800,0.0342766
1,801,0.023804124
1,802,0.01592606
1,803,0.22756726
1,804,0.005183871
1,805,0.1748302
1,806,0.11614647
1,807,0.1278956
1,808,0.013099964
1,809,0.0912784
1,810,0.0406934
1,811,0.08229249
1,812,-0.0029164003
1,813,0.08819675
1,814,0.021020051
1,815,0.045777258
1,816,0.14148468
1,817,0.0421403
1,818,0.029147442
1,819,0.09439718
1,820,0.042869207
1,821,0.118684165
1,822,0.030182775
1,823,0.0021585776
1,824,0.009343083
1,825,0.14098245
1,826,0.084942274
1,827,0.02483588
1,828,0.1408953
1,829,0.09914493
1,830,0.037476655
1,831,0.073129885
1,832,0.07470339
1,833,0.017911669
1,834,0.018563922
1,835,0.04855722
1,836,0.0073431088
1,837,0.017653164
1,838,0.015021916
1,839,0.08218425
1,840,0.099392585
1,841,0.0029306961
1,842,0.0033030463
1,843,0.026293155
1,844,0.020514186
1,845,-0.0035651969
1,846,0.0066164685
1,847,0.017683264
1,848,0.009621079
1,849,0.026547905
1,850,0.08676135
1,851,0.14104491
1,852,0.0703386
1,853,0.15256661
1,854,0.047459003
1,855,0.03283685
1,856,0.25784007
1,857,0.024000522
1,858,0.051769193
1,859,0.008878048
1,860,0.11187022
1,861,0.0014151288
1,862,0.02902859
1,863,0.083677106
1,864,0.08494835
1,865,0.0040663434
1,866,0.08112287
1,867,0.03269654
1,868,-0.0031111287
1,869,0.077213936
1,870,0.041251656
1,871,0.029188033
1,872,0.1327157
1,873,0.04523259
1,874,0.044204887
1,875,0.1466237
1,876,0.18665028
1,877,0.034951266
1,878,0.026701685
1,879,0.027652439
1,880,0.010347481
1,881,0.100610964
1,882,0.12488013
1,883,0.019500013
1,884,0.016998168
1,885,0.09777235
1,886,0.06278633
1,887,0.15283597
1,888,0.020469036
1,889,0.097248845
1,890,0.1480645
1,891,0.030095395
1,892,0.21574962
1,893,0.065682225
1,894,0.07654207
1,895,0.036214348
1,896,0.05134022
1,897,0.06646036
1,898,0.005285795
1,899,0.024253305
1,900,0.07747965
1,901,0.038435753
1,902,0.07458293
1,903,0.01666313
1,904,0.03866851
1,905,0.12817442
1,906,0.14497101
1,907,0.027425285
1,908,0.025830861
1,909,0.057065602
1,910,0.026935097
1,911,0.029593464
1,912,0.07739442
1,913,0.047475126
1,914,0.021804389
1,915,0.083629064
1,916,0.0713905
1,917,0.037700888
1,918,0.047795292
1,919,0.0056706024
1,920,0.13125253
1,921,0.12679279
1,922,0.009678061
1,923,0.015438373
1,924,0.10689073
1,925,0.12373578
1,926,0.11871826
1,927,0.0872994
1,928,0.019939836
1,929,0.07615646
1,930,0.059242602
1,931,0.020853873
1,932,0.009678538
1,933,0.05091965
1,934,0.04853749
1,935,0.08135002
1,936,0.15772295
1,937,0.029472407
1,938,0.09372818
1,939,0.041684803
1,940,0.011754687
1,941,0.041782793
1,942,0.10354202
1,943,0.0020954562
1,944,0.05778646
1,945,0.12344711
1,946,0.12978548
1,947,0.08592432
1,948,0.047678705
1,949,0.009376938
1,950,0.055996355
1,951,0.03704196
1,952,0.010978456
1,953,0.013420637
1,954,0.03725576
1,955,0.021316942
1,956,0.056473013
1,957,0.0012199832
1,958,0.011736031
1,959,0.026163038
1,960,0.069202416
1,961,0.00585341
1,962,0.01356494
1,963,0.0014764024
1,964,0.0028330637
1,965,0.062345978
1,966,0.067611925
1,967,0.08844625
1,968,0.08928942
1,969,0.07574605
1,970,0.014855738
1,971,0.10035073
1,972,0.018689867
1,973,0.08812707
1,974,0.18369293
1,975,0.10091918
1,976,0.112780325
1,977,0.038387354
1,978,0.022960301
1,979,0.08621054
1,980,0.0040081693
1,981,0.07462626
1,982,0.08806997
1,983,0.066956215
1,984,0.025194045
1,985,0.14942741
1,986,0.0998243
1,987,-0.004414265
1,988,0.008595045
1,989,0.03739172
1,990,0.031718966
1,991,0.08270579
1,992,0.05183625
1,993,0.004805322
1,994,0.1706821
1,995,0.080343835
1,996,0.036840316
1,997,0.0772103
1,998,0.0018721772
1,999,0.0008452488
1,1000,0.05890065
1,1001,0.03485739
1,1002,0.025637325
1,1003,0.052521165
1,1004,-0.00021344889
1,1005,0.24683636
1,1006,0.011213477
1,1007,0.16442531
1,1008,0.0024875356
1,1009,0.035029408
1,1010,0.05441558
1,1011,0.00816452
1,1012,0.19902706
1,1013,0.03892785
1,1014,0.028564092
1,1015,0.0035119606
1,1016,0.015604074
1,1017,-0.004395907
1,1018,0.02926379
1,1019,0.043587204
1,1020,0.0016367985
1,1021,0.025324758
1,1022,0.04010236
1,1023,0.13210815
1,1024,0.08457308
1,1025,0.008760865
1,1026,0.11055725
1,1027,0.103619985
1,1028,0.058430847
1,1029,0.033576604
1,1030,0.047641154
1,1031,0.08584278
1,1032,-0.0019180821
1,1033,0.044613
1,1034,0.063624494
1,1035,0.013249929
1,1036,-0.004478936
1,1037,0.09699147
1,1038,-0.0023543881
1,1039,0.044236
1,1040,0.059755202
1,1041,0.1287843
1,1042,0.059245106
1,1043,0.14710528
1,1044,0.1129533
1,1045,0.08089893
1,1046,0.07100456
1,1047,0.00023883116
1,1048,0.07984906
1,1049,0.026244875
1,1050,0.06624209
1,1051,0.08106636
1,1052,-0.0022339867
1,1053,0.019496497
1,1054,0.17336369
1,1055,0.05164462
1,1056,0.0061408235
1,1057,0.017426547
1,1058,0.09401386
1,1059,0.04394191
1,1060,-0.00497735
1,1061,0.048738476
1,1062,0.0047610356
1,1063,0.08686077
1,1064,0.066230975
1,1065,0.026313063
1,1066,0.038453396
1,1067,0.124404244
1,1068,0.0240792
1,1069,0.017844673
1,1070,0.07501834
1,1071,0.12616807
1,1072,-0.002989416
1,1073,0.13740814
1,1074,0.045375284
1,1075,0.0468443
1,1076,0.16161793
1,1077,0.010899599
1,1078,0.034026083
1,1079,0.07303514
1,1080,0.13313878
1,1081,0.027336832
1,1082,0.015776988
1,1083,-0.0044770287
1,1084,0.0032371236
1,1085,0.026368912
1,1086,0.05190557
1,1087,0.07443618
1,1088,-0.0017334269
1,1089,0.05875748
1,1090,0.07930749
1,1091,0.005065377
1,1092,0.011520798
1,1093,0.018895265
1,1094,0.03956377
1,1095,0.030678328
1,1096,0.032334503
1,1097,0.032461878
1,1098,0.06692105
1,1099,0.012341793
1,1100,0.029546376
1,1101,0.078358464
1,1102,0.058713015
1,1103,0.045260664
1,1104,0.06346273
1,1105,0.014730926
1,1106,0.1066516
1,1107,0.08418726
1,1108,0.027331408
1,1109,0.052614983
1,1110,0.031372126
1,1111,0.010993059
1,1112,0.1514818
1,1113,0.0905407
1,1114,0.18285027
1,1115,0.03643876
1,1116,0.08582353
1,1117,0.01284122
1,1118,0.06846749
1,1119,0.07843738
1,1120,0.105846696
1,1121,0.06214338
1,1122,0.026891943
1,1123,0.009130473
1,1124,0.058386978
1,1125,0.031790312
1,1126,0.007724221
1,1127,0.027907964
1,1128,-0.004818623
1,1129,0.022406992
1,1130,-0.00019866694
1,1131,0.123752825
1,1132,0.08143609
1,1133,0.056184527
1,1134,0.02921116
1,1135,0.168711
1,1136,0.05582207
1,1137,0.07942917
1,1138,0.20838669
1,1139,0.03409457
1,1140,0.09521883
1,1141,0.026110526
1,1142,0.059391197
1,1143,0.19943371
1,1144,0.038098868
1,1145,0.08705031
1,1146,0.061113413
1,1147,0.038201567
1,1148,-0.003993516
1,1149,0.12874645
1,1150,0.10642462
1,1151,0.1294465
1,1152,0.03626841
1,1153,0.0454421
1,1154,0.006116445
1,1155,0.052928146
1,1156,0.046575006
1,1157,0.019801077
1,1158,0.0731123
1,1159,0.007991607
1,1160,0.019680616
1,1161,0.031165835
1,1162,0.093169086
1,1163,0.19203466
1,1164,0.08930581
1,1165,0.06696152
1,1166,0.073384754
1,1167,0.04548764
1,1168,0.13624263
1,1169,0.006645973
1,1170,0.03895163
1,1171,0.13505065
1,1172,0.04497644
1,1173,0.013637657
1,1174,0.1933572
1,1175,0.033543404
1,1176,0.15860337
1,1177,0.07081818
1,1178,0.13451123
1,1179,0.08487808
1,1180,0.11414742
1,1181,-0.001646583
1,1182,-0.0008131312
1,1183,0.042634007
1,1184,0.08715265
1,1185,0.01918548
1,1186,0.15723026
1,1187,0.11220529
1,1188,-0.003264253
1,1189,0.052335706
1,1190,0.06493955
1,1191,0.08037376
1,1192,0.025086429
1,1193,0.032453235
1,1194,0.06428384
1,1195,0.003855343
1,1196,0.084652536
1,1197,-0.003572111
1,1198,0.14257586
1,1199,0.3288536
1,1200,0.027037796
1,1201,0.011372264
1,1202,0.06289139
1,1203,0.16472292
1,1204,0.05777001
1,1205,0.040385332
1,1206,0.083083205
1,1207,0.17011762
1,1208,0.17067349
1,1209,0.010612245
1,1210,0.029642757
1,1211,0.043318655
1,1212,0.055349585
1,1213,0.12429451
1,1214,0.026400503
1,1215,0.046802517
1,1216,0.035827454
1,1217,0.02310985
1,1218,0.01683354
1,1219,0.013242419
1,1220,0.015163536
1,1221,0.15702438
1,1222,0.15004826
1,1223,0.03940886
1,1224,0.15508503
1,1225,0.13052106
1,1226,0.026148971
1,1227,0.046940025
1,1228,0.14449608
1,1229,0.012019153
1,1230,-0.0042640613
1,1231,0.058101293
1,1232,0.20724806
1,1233,0.08822238
1,1234,0.003121431
1,1235,0.025144275
1,1236,0.09475567
1,1237,0.13671273
1,1238,0.09504747
1,1239,0.16149884
1,1240,0.04575151
1,1241,0.010294194
1,1242,0.0046170307
1,1243,0.023418125
1,1244,0.12998801
1,1245,0.07981639
1,1246,0.01637667
1,1247,0.15312368
1,1248,0.09005772
1,1249,0.08827185
1,1250,0.006866808
1,1251,0.15679115
1,1252,0.10670637
1,1253,0.0084738685
1,1254,0.11724662
1,1255,0.15906101
1,1256,0.07704323
1,1257,0.07017308
1,1258,0.22460347
1,1259,0.13092458
1,1260,0.042438086
1,1261,0.087606005
1,1262,0.058832373
1,1263,0.008196707
1,1264,0.14476398
1,1265,0.052320655
1,1266,0.19528276
1,1267,0.09420686
1,1268,0.024304148
1,1269,0.063547574
1,1270,0.0415191
1,1271,0.15837604
1,1272,0.11995476
1,1273,0.05449825
1,1274,0.11838233
1,1275,0.011189933
1,1276,0.035025295
1,1277,0.0871362
1,1278,0.0715962
1,1279,0.04298353
1,1280,0.08989545
1,1281,0.017155465
1,1282,0.09752815
1,1283,0.1209098
1,1284,0.043018814
1,1285,0.0146980835
1,1286,0.096143775
1,1287,0.010832484
1,1288,0.10392039
1,1289,0.03460371
1,1290,0.027707871
1,1291,0.102435224
1,1292,0.06772613
1,1293,0.011485155
1,1294,0.043745663
1,1295,0.043285515
1,1296,0.007902141
1,1297,0.06015676
1,1298,0.020675
1,1299,0.06620514
1,1300,0.16324422
1,1301,0.2127823
1,1302,0.11398464
1,1303,0.1285919
1,1304,0.09466904
1,1305,0.22704625
1,1306,-0.0023530768
1,1307,0.08020406
1,1308,0.09236919
1,1309,0.029763695
1,1310,0.022088226
1,1311,0.014798517
1,1312,0.08487248
1,1313,0.0269829
1,1314,0.31191754
1,1315,0.093631886
1,1316,0.0005230857
1,1317,0.07975655
1,1318,0.059300896
1,1319,0.04458463
1,1320,0.14146084
1,1321,0.13960958
1,1322,0.054484066
1,1323,0.019908365
1,1324,7.295143e-05
1,1325,-0.00087255705
1,1326,0.08180695
1,1327,0.016939338
1,1328,0.0864576
1,1329,0.16320336
1,1330,0.026276108
1,1331,0.016255017
1,1332,0.122148566
1,1333,0.025066074
1,1334,0.04914337
1,1335,0.0836656
1,1336,0.06356289
1,1337,0.062160786
1,1338,0.023552235
1,1339,0.17690176
1,1340,0.03062069
1,1341,0.02979159
1,1342,0.048845407
1,1343,0.14905041
1,1344,0.19797766
1,1345,0.034042653
1,1346,0.12960768
1,1347,0.004702504
1,1348,0.10546469
1,1349,0.028231736
1,1350,0.04259294
1,1351,0.07551437
1,1352,0.1023097
1,1353,0.014739807
1,1354,0.025152024
1,1355,0.09565269
1,1356,0.06786268
1,1357,0.008383567
1,1358,0.055635687
1,1359,0.11265283
1,1360,0.10449766
1,1361,0.058850285
1,1362,0.0009992076
1,1363,0.018322047
1,1364,0.0037358357
1,1365,0.023294505
1,1366,0.026178118
1,1367,0.092452876
1,1368,0.14190808
1,1369,0.11141553
1,1370,0.106849425
1,1371,0.02903336
1,1372,0.07138007
1,1373,0.08612912
1,1374,0.022819635
1,1375,0.05500197
1,1376,0.028356548
1,1377,0.0034157587
1,1378,0.09076958
1,1379,0.0799185
1,1380,0.083419256
1,1381,0.07865881
1,1382,0.079075865
1,1383,0.12704468
1,1384,0.1292972
1,1385,0.036882635
1,1386,0.01888239
1,1387,0.042320546
1,1388,-0.0010716962
1,1389,0.031631406
1,1390,0.07863139
1,1391,0.052984472
1,1392,0.06221431
1,1393,0.12071072
1,1394,-0.002847557
1,1395,0.18136343
1,1396,0.023455735
1,1397,0.06809317
1,1398,0.031091567
1,1399,0.10071009
1,1400,0.08326333
1,1401,0.02458876
1,1402,0.0071940375
1,1403,0.06341236
1,1404,0.03409558
1,1405,0.22399467
1,1406,0.15555891
1,1407,0.06804418
1,1408,0.09448471
1,1409,0.19127354
1,1410,0.13585687
1,1411,0.031571742
1,1412,-0.00317878
1,1413,0.023871
1,1414,0.0016113175
1,1415,0.112699084
1,1416,0.022034224
1,1417,0.03823265
1,1418,0.12453645
1,1419,0.019341942
1,1420,0.09323453
1,1421,0.0078086806
1,1422,0.11899077
1,1423,0.06474625
1,1424,0.14210856
1,1425,0.030615803
1,1426,0.05866235
1,1427,0.023374345
1,1428,0.071310274
1,1429,0.068329714
1,1430,0.12276017
1,1431,0.071994804
1,1432,0.21489298
1,1433,0.11806958
1,1434,0.020265844
1,1435,0.008446152
1,1436,0.060758647
1,1437,0.086978905
1,1438,0.116861336
1,1439,0.045976993
1,1440,0.02483135
1,1441,0.058698174
1,1442,0.0030274345
1,1443,0.0801109
1,1444,0.008100892
1,1445,0.19829601
1,1446,-0.0031128572
1,1447,0.06705599
1,1448,0.0039443327
1,1449,0.07470631
1,1450,0.08618795
1,1451,0.12420457
1,1452,0.018672463
1,1453,0.03223419
1,1454,0.19366908
1,1455,0.16178247
1,1456,0.11109006
1,1457,0.01492622
1,1458,0.026064869
1,1459,0.087799095
1,1460,0.1738013
1,1461,0.06983917
1,1462,0.02681112
1,1463,0.12736446
1,1464,0.11901986
1,1465,0.06715023
1,1466,0.04669177
1,1467,0.09915798
1,1468,0.07649516
1,1469,0.02389383
1,1470,0.09371572
1,1471,0.0092260195
1,1472,-0.0043973373
1,1473,0.06728684
1,1474,0.001103933
1,1475,0.11540862
1,1476,0.07922851
1,1477,0.16876197
1,1478,0.0065998985
1,1479,0.18949437
1,1480,0.07242411
1,1481,0.23929003
1,1482,0.050479468
1,1483,0.06023806
1,1484,0.09134459
1,1485,0.10849538
1,1486,0.084296875
1,1487,0.025202211
1,1488,0.036837127
1,1489,0.15851218
1,1490,0.05458146
1,1491,0.1306225
1,1492,-0.00015396345
1,1493,0.039342042
1,1494,0.0071907593
1,1495,0.08438056
1,1496,0.054808434
1,1497,-0.0025897669
1,1498,0.19907236
1,1499,0.06663441
1,1500,0.012965853
1,1501,0.004521246
1,1502,0.25681013
1,1503,0.046594676
1,1504,0.09609743
1,1505,0.1756196
1,1506,0.006433959
1,1507,0.046067175
1,1508,0.13260812
1,1509,0.15999326
1,1510,0.107363306
1,1511,0.08998921
1,1512,0.15653089
1,1513,0.03996801
1,1514,0.023443814
1,1515,0.009976263
1,1516,-0.0023843097
1,1517,0.17544144
1,1518,0.1011601
1,1519,0.0052430583
1,1520,0.08535444
1,1521,0.053814884
1,1522,0.051225837
1,1523,0.096021585
1,1524,0.14370188
1,1525,-0.0007561194
1,1526,0.19281161
1,1527,0.21908045
1,1528,0.21236652
1,1529,0.08640712
1,1530,0.01608583
1,1531,0.011523153
1,1532,0.0068139983
1,1533,0.1902102
1,1534,0.085098825
1,1535,-0.0042354213
1,1536,0.034794446
1,1537,0.008480783
1,1538,0.052200373
1,1539,0.10247236
1,1540,0.09703498
1,1541,0.04702538
1,1542,0.049471404
1,1543,0.18684971
1,1544,0.119031124
1,1545,0.13652754
1,1546,-6.2631443e-06
1,1547,0.021171149
1,1548,-0.004732554
1,1549,0.110332035
1,1550,0.06981238
1,1551,0.18912786
1,1552,0.009481843
1,1553,0.033495065
1,1554,0.15831167
1,1555,0.036110576
1,1556,0.1837138
1,1557,0.0058733476
1,1558,-0.0043900656
1,1559,0.062019702
1,1560,0.13021788
1,1561,0.041851517
1,1562,0.3021944
1,1563,0.04716998
1,1564,0.20812935
1,1565,0.23297676
1,1566,0.064149074
1,1567,0.19103977
1,1568,0.025748637
1,1569,0.20398608
1,1570,0.117738836
1,1571,0.06832575
1,1572,0.04594248
1,1573,0.07591059
1,1574,0.019164082
1,1575,0.029023405
1,1576,0.13234413
1,1577,0.031586256
1,1578,0.13532108
1,1579,-0.00078267325
1,1580,0.010915275
1,1581,0.24019942
1,1582,0.10255956
1,1583,0.06951814
1,1584,0.3530653
1,1585,0.06080782
1,1586,0.0927453
1,1587,0.10867434
1,1588,0.29871538
1,1589,0.18613482
1,1590,0.115456186
1,1591,0.08723762
1,1592,0.011649038
1,1593,0.089924626
1,1594,0.19597483
1,1595,0.017054137
1,1596,0.054381903
1,1597,0.058862265
1,1598,0.013285871
1,1599,0.239494
1,1600,0.09216925
1,1601,0.12722498
1,1602,0.09883135
1,1603,0.09543317
1,1604,0.07682931
1,1605,0.054096755
1,1606,0.16411328
1,1607,0.1610583
1,1608,0.13220066
1,1609,0.13252985
1,1610,0.033080276
1,1611,0.15546012
1,1612,0.040551957
1,1613,0.12195536
1,1614,0.09073328
1,1615,0.12332349
1,1616,0.20366487
1,1617,0.17555693
1,1618,0.18834832
1,1619,0.06644242
1,1620,0.061208304
1,1621,0.07808029
1,1622,0.065180026
1,1623,0.020022925
1,1624,0.068433456
1,1625,0.066144876
1,1626,0.02672511
1,1627,0.03383642
1,1628,0.057677444
1,1629,0.042981323
1,1630,0.07312917
1,1631,0.13951722
1,1632,0.04971346
1,1633,0.032425757
1,1634,0.13249415
1,1635,0.16908619
1,1636,0.03534537
1,1637,0.008745546
1,1638,0.25994706
1,1639,0.075338714
1,1640,0.015655722
1,1641,0.073595814
1,1642,0.15067258
1,1643,0.037490066
1,1644,0.0015363647
1,1645,0.14753968
1,1646,0.078355424
1,1647,0.13263124
1,1648,0.14035791
1,1649,0.0774483
1,1650,0.09462055
1,1651,0.029460486
1,1652,0.06334209
1,1653,0.088741474
1,1654,0.037272837
1,1655,0.13590893
1,1656,0.15819296
1,1657,0.0045744134
1,1658,0.22487098
1,1659,0.050048765
1,1660,0.24703783
1,1661,0.12364917
1,1662,0.016209837
1,1663,0.33901632
1,1664,0.12142184
1,1665,0.061643478
1,1666,0.21198344
1,1667,-0.0038720416
1,1668,0.06754591
1,1669,0.061369594
1,1670,0.139727
1,1671,0.11101418
1,1672,0.16154909
1,1673,0.17284939
1,1674,0.041659173
1,1675,0.008688058
1,1676,0.11669891
1,1677,0.021240588
1,1678,0.15258682
1,1679,0.11368685
1,1680,0.14291406
1,1681,0.06284445
1,1682,0.08627855
1,1683,0.15666455
1,1684,0.123386435
1,1685,0.042946633
1,1686,0.007964249
1,1687,0.13473332
1,1688,0.15006056
1,1689,0.05284166
1,1690,0.018426236
1,1691,0.32586563
1,1692,0.025554415
1,1693,0.1309869
1,1694,0.0037325574
1,1695,0.018075045
1,1696,0.1365614
1,1697,0.049354788
1,1698,0.18561167
1,1699,0.15454346
1,1700,0.04977983
1,1701,0.044034984
1,1702,0.23944551
1,1703,0.047535684
1,1704,0.17418945
1,1705,0.11266851
1,1706,0.06746387
1,1707,0.207668
1,1708,0.10531881
1,1709,0.16813132
1,1710,0.08464914
1,1711,0.08723276
1,1712,0.09253364
1,1713,0.04427063
1,1714,0.21174753
1,1715,0.18574941
1,1716,0.02980953
1,1717,0.040371027
1,1718,0.042516228
1,1719,0.093280725
1,1720,0.009973462
1,1721,0.101590864
1,1722,0.016856905
1,1723,0.020072307
1,1724,0.15034795
1,1725,0.08822202
1,1726,0.01683044
1,1727,0.15252185
1,1728,0.10479345
1,1729,0.04137295
1,1730,0.13689607
1,1731,-0.00498039
1,1732,0.0048626615
1,1733,0.012555952
1,1734,0.03492665
1,1735,0.19030601
1,1736,0.21545985
1,1737,0.27010995
1,1738,0.06866657
1,1739,0.12862122
1,1740,0.05336308
1,1741,0.093157224
1,1742,0.08335989
1,1743,0.12960356
1,1744,0.076463334
1,1745,0.08505487
1,1746,0.22806543
1,1747,0.007367666
1,1748,0.15394577
1,1749,0.24925071
1,1750,0.030184533
1,1751,0.0023078872
1,1752,0.029835757
1,1753,-0.004466002
1,1754,0.124815874
1,1755,0.16070247
1,1756,0.31463397
1,1757,0.14823878
1,1758,0.13069367
1,1759,0.055186417
1,1760,0.010424818
1,1761,0.08214896
1,1762,0.024396475
1,1763,3.3910386e-05
1,1764,0.051268574
1,1765,0.12614447
1,1766,0.111164205
1,1767,0.17204857
1,1768,0.04763746
1,1769,0.0011246754
1,1770,0.1547311
1,1771,0.059948977
1,1772,0.019639757
1,1773,0.08233344
1,1774,0.05350345
1,1775,0.015290375
1,1776,0.049396988
1,1777,0.029939797
1,1778,0.1811902
1,1779,0.0020199073
1,1780,0.20183808
1,1781,0.12708658
1,1782,0.15751436
1,1783,0.1650219
1,1784,0.0659835
1,1785,0.22288197
1,1786,0.0013495041
1,1787,0.07221358
1,1788,0.09027409
1,1789,0.07382365
1,1790,0.018749353
1,1791,0.09675234
1,1792,0.0009001149
1,1793,0.016726967
1,1794,0.14698195
1,1795,0.13057345
1,1796,0.076099806
1,1797,0.0049369885
1,1798,0.1260705
1,1799,0.06394302
1,1800,0.08247777
1,1801,0.15599471
1,1802,0.048988637
1,1803,0.06476968
1,1804,0.089003615
1,1805,0.0448389
1,1806,0.10737642
1,1807,0.10060146
1,1808,0.0049238754
1,1809,0.14916015
1,1810,0.11719485
1,1811,0.029255893
1,1812,0.012625153
1,1813,0.099351816
1,1814,0.13244489
1,1815,0.18656796
1,1816,0.08679109
1,1817,0.07444402
1,1818,0.047223028
1,1819,0.048408415
1,1820,0.14894098
1,1821,0.060107704
1,1822,0.1365782
1,1823,0.117984526
1,1824,0.100249045
1,1825,0.13241962
1,1826,0.048294958
1,1827,0.12672955
1,1828,0.05396756
1,1829,0.15496585
1,1830,0.25157535
1,1831,0.06345277
1,1832,0.07006317
1,1833,0.096184485
1,1834,0.08921593
1,1835,0.11519923
1,1836,0.06560295
1,1837,0.039027628
1,1838,0.04037356
1,1839,0.090491466
1,1840,0.019685801
1,1841,-0.002523427
1,1842,0.25959468
1,1843,0.108346276
1,1844,0.23545706
1,1845,0.07109695
1,1846,0.021953162
1,1847,0.32501236
1,1848,0.037737664
1,1849,0.104663186
1,1850,0.047966655
1,1851,0.15600225
1,1852,0.0010006381
1,1853,0.15605852
1,1854,0.15297037
1,1855,0.13926029
1,1856,0.0839166
1,1857,0.0025035692
1,1858,0.20118186
1,1859,0.018339392
1,1860,0.10042649
1,1861,0.047939714
1,1862,0.055623826
1,1863,0.0773431
1,1864,0.2035256
1,1865,0.15361139
1,1866,0.014550681
1,1867,0.16275626
1,1868,0.0018110527
1,1869,0.059607323
1,1870,0.24772733
1,1871,-0.0043569254
1,1872,0.07660427
1,1873,0.2287867
1,1874,0.11969709
1,1875,0.088442735
1,1876,0.004840846
1,1877,0.38049945
1,1878,0.12860489
1,1879,0.17434564
1,1880,0.068872444
1,1881,0.07365634
1,1882,0.014171745
1,1883,0.103660576
1,1884,0.009553666
1,1885,0.042529043
1,1886,0.04335701
1,1887,0.07207584
1,1888,0.06525963
1,1889,0.027833637
1,1890,0.029667672
1,1891,0.041677948
1,1892,0.1471703
1,1893,0.021500703
1,1894,0.044246014
1,1895,0.01656216
1,1896,0.019634541
1,1897,0.042903658
1,1898,0.030129489
1,1899,0.16699365
1,1900,0.067762725
1,1901,0.0016106917
1,1902,0.145612
1,1903,0.062066372
1,1904,0.05738735
1,1905,0.16506755
1,1906,0.06843009
1,1907,0.17958224
1,1908,0.09451168
1,1909,0.059293028
1,1910,0.0810542
1,1911,0.0460816
1,1912,0.10389029
1,1913,0.042245742
1,1914,0.05358952
1,1915,0.094845645
1,1916,0.035546
1,1917,0.058698293
1,1918,0.05794197
1,1919,0.035253998
1,1920,0.07490983
1,1921,0.08310937
1,1922,0.017931934
1,1923,0.12966764
1,1924,0.0020830585
1,1925,0.08059143
1,1926,-0.00066864956
1,1927,0.02743673
1,1928,0.070639305
1,1929,-0.0010571526
1,1930,0.028018352
1,1931,0.09668296
1,1932,0.06512242
1,1933,0.047624584
1,1934,0.06166586
1,1935,0.21552259
1,1936,0.0023209704
1,1937,0.085674755
1,1938,0.03455698
1,1939,0.01923215
1,1940,0.19083491
1,1941,0.08417901
1,1942,0.096270256
1,1943,0.045248862
1,1944,0.14093131
1,1945,0.0050525023
1,1946,0.07179456
1,1947,0.12904888
1,1948,0.1441338
1,1949,0.010051752
1,1950,0.0049987985
1,1951,0.061247762
1,1952,0.03324547
1,1953,0.15631008
1,1954,0.08383625
1,1955,0.11156481
1,1956,0.11552798
1,1957,0.16175556
1,1958,0.007791455
1,1959,0.01072907
1,1960,0.13678306
1,1961,0.110319726
1,1962,0.03802788
1,1963,0.021713074
1,1964,0.023085471
1,1965,0.19506752
1,1966,0.028666552
1,1967,0.06933283
1,1968,0.04152411
1,1969,0.13236028
1,1970,0.060509052
1,1971,0.0980159
1,1972,0.0637806
1,1973,0.010648127
1,1974,0.06939899
1,1975,0.1104021
1,1976,0.14984757
1,1977,0.07667052
1,1978,0.0064473106
1,1979,0.026068863
1,1980,0.020066675
1,1981,0.042371448
1,1982,-0.0014785575
1,1983,0.06379341
1,1984,0.050378498
1,1985,0.011205549
1,1986,0.2745238
1,1987,0.053775575
1,1988,0.10313409
1,1989,0.047217783
1,1990,0.052809115
1,1991,0.051026758
1,1992,0.20225674
1,1993,0.04989254
1,1994,0.028522488
1,1995,0.08625483
1,1996,0.21721256
1,1997,0.04032087
1,1998,0.029822942
1,1999,0.24472106
1,2000,0.02648085
1,2001,0.042465623
1,2002,0.065154426
1,2003,-0.0020092772
1,2004,0.10815095
1,2005,0.07734268
1,2006,0.11360853
1,2007,0.061788734
1,2008,0.1521801
1,2009,0.0022162152
1,2010,0.0037640287
1,2011,0.113814585
1,2012,0.17038709
1,2013,0.034253772
1,2014,0.08247732
1,2015,0.11830174
1,2016,0.047885057
1,2017,0.11212929
1,2018,0.034101244
1,2019,0.06012165
1,2020,0.031584617
1,2021,0.14538777
1,2022,0.0048682047
1,2023,0.042559262
1,2024,0.06197482
1,2025,0.17995852
1,2026,0.035532888
1,2027,0.012324746
1,2028,0.031917896
1,2029,0.032440063
1,2030,0.012882824
1,2031,0.02375048
1,2032,0.11386841
1,2033,0.10438981
1,2034,0.02077585
1,2035,0.081409656
1,2036,0.041085895
1,2037,0.1729691
1,2038,0.061288293
1,2039,0.021003004
1,2040,0.06182277
1,2041,0.057275828
1,2042,0.07843237
1,2043,0.07370358
1,2044,0.08588915
1,2045,0.056078847
1,2046,0.00064289104
1,2047,0.14000708
1,2048,0.12943554
1,2049,0.03092086
1,2050,0.16726601
1,2051,0.030235525
1,2052,0.00965556
1,2053,0.13816434
1,2054,0.042768326
1,2055,0.00084322225
1,2056,0.059730884
1,2057,0.03561389
1,2058,0.099421255
1,2059,0.07324272
1,2060,0.01193967
1,2061,0.12838662
1,2062,0.09519332
1,2063,0.057802554
1,2064,0.11197444
1,2065,0.18947014
1,2066,0.026807543
1,2067,0.096953385
1,2068,0.015580053
1,2069,0.009170885
1,2070,0.097401194
1,2071,0.100363664
1,2072,0.10898667
1,2073,0.1420393
1,2074,0.046321984
1,2075,0.154975
1,2076,0.041242894
1,2077,0.03019571
1,2078,0.21325171
1,2079,0.10451289
1,2080,0.059662696
1,2081,0.007256265
1,2082,0.023714658
1,2083,0.039141234
1,2084,0.14107299
1,2085,0.08943146
1,2086,0.0180518
1,2087,0.02981579
1,2088,0.09399798
1,2089,0.06671136
1,2090,0.0038289381
1,2091,0.030741688
1,2092,-0.0013014721
1,2093,0.13743961
1,2094,0.08697509
1,2095,0.09468251
1,2096,0.08337467
1,2097,0.08164387
1,2098,0.08624872
1,2099,0.006936605
1,2100,0.03995007
1,2101,0.14629579
1,2102,0.00390857
1,2103,0.15322608
1,2104,0.1778461
1,2105,0.06666445
1,2106,0.08122241
1,2107,0.07091128
1,2108,0.015835818
1,2109,0.00988477
1,2110,0.0011183573
1,2111,0.06227338
1,2112,0.034693386
1,2113,0.04975223
1,2114,0.0036339117
1,2115,0.033252653
1,2116,0.028362151
1,2117,0.047446784
1,2118,0.049772855
1,2119,0.15483448
1,2120,0.024002548
1,2121,0.08749252
1,2122,0.02134877
1,2123,0.037093636
1,2124,0.0121132685
1,2125,0.044476088
1,2126,0.038622614
1,2127,0.008459206
1,2128,0.028615352
1,2129,0.1652435
1,2130,0.00036337506
1,2131,0.08863961
1,2132,0.012431319
1,2133,0.0136795
1,2134,0.059379276
1,2135,0.0984826
1,2136,0.106383614
1,2137,0.10679876
1,2138,0.09161692
1,2139,0.0022150828
1,2140,0.036414143
1,2141,0.014016743
1,2142,0.024988648
1,2143,0.10084494
1,2144,0.034632143
1,2145,0.044224646
1,2146,0.002561028
1,2147,0.013398047
1,2148,0.08265673
1,2149,0.066618316
1,2150,0.03651577
1,2151,0.12950855
1,2152,0.1278364
1,2153,0.046736505
1,2154,0.11298316
1,2155,0.08066311
1,2156,0.087164275
1,2157,0.036993142
1,2158,0.04958671
1,2159,0.014495249
1,2160,0.054785606
1,2161,0.057117518
1,2162,0.023987826
1,2163,0.1283794
1,2164,0.0061790897
1,2165,0.04722118
1,2166,0.010128493
1,2167,0.09169828
1,2168,0.013530846
1,2169,0.041274305
1,2170,0.088694744
1,2171,0.14345318
1,2172,0.030443128
1,2173,0.08293175
1,2174,0.006753261
1,2175,0.0024951054
1,2176,0.09439056
1,2177,0.0036119772
1,2178,0.0939905
1,2179,0.081497125
1,2180,0.026353773
1,2181,0.12592494
1,2182,0.06350904
1,2183,0.12439423
1,2184,0.08634233
1,2185,0.12275808
1,2186,-0.0025985884
1,2187,0.084896974
1,2188,0.018817957
1,2189,0.07868921
1,2190,0.104037516
1,2191,0.009119208
1,2192,0.098567955
1,2193,0.01774412
1,2194,0.13754767
1,2195,0.021021422
1,2196,0.020597216
1,2197,0.17790818
1,2198,0.035885807
1,2199,0.12804478
1,2200,0.09947582
1,2201,0.03650939
1,2202,0.055519696
1,2203,0.055193182
1,2204,0.057159837
1,2205,0.11602192
1,2206,0.013969238
1,2207,0.0137186
1,2208,0.060217258
1,2209,0.020346489
1,2210,0.122061424
1,2211,0.06787359
1,2212,0.016486224
1,2213,0.07139581
1,2214,0.117710225
1,2215,0.070714764
1,2216,0.07743811
1,2217,0.06939309
1,2218,0.02808201
1,2219,0.15046239
1,2220,0.0066520525
1,2221,0.067892306
1,2222,0.07714974
1,2223,0.05011737
1,2224,0.056163248
1,2225,0.022579249
1,2226,0.01057374
1,2227,0.063435666
1,2228,0.041057345
1,2229,0.073837094
1,2230,0.028448846
1,2231,0.023240682
1,2232,0.050315913
1,2233,0.05225807
1,2234,0.026187059
1,2235,0.0509389
1,2236,0.10220974
1,2237,0.10310041
1,2238,0.11610787
1,2239,0.019943114
1,2240,0.056789216
1,2241,0.20627576
1,2242,0.0029897047
1,2243,0.068252556
1,2244,0.021632787
1,2245,0.063313834
1,2246,0.020446893
1,2247,0.11071699
1,2248,0.016111072
1,2249,0.10555979
1,2250,0.017404076
1,2251,0.16233563
1,2252,0.03341436
1,2253,0.027545389
1,2254,0.043284234
1,2255,-0.00020415056
1,2256,0.03608864
1,2257,0.08186602
1,2258,0.07330518
1,2259,0.019215401
1,2260,0.056578513
1,2261,0.09587451
1,2262,0.056809183
1,2263,0.006378825
1,2264,0.16033
1,2265,-0.001985197
1,2266,0.06365817
1,2267,-0.002211039
1,2268,0.07562228
1,2269,0.0049123717
1,2270,0.06313365
1,2271,0.000390823
1,2272,0.015297527
1,2273,0.14163631
1,2274,0.026082631
1,2275,0.0424177
1,2276,0.006076808
1,2277,0.0063790632
1,2278,0.042017456
1,2279,0.1744636
1,2280,0.087043755
1,2281,0.05295604
1,2282,0.0885387
1,2283,0.051844653
1,2284,0.0801506
1,2285,0.0023882343
1,2286,0.105382435
1,2287,0.0068551255
1,2288,0.005760546
1,2289,0.097022556
1,2290,0.13532221
1,2291,0.051740047
1,2292,0.08653908
1,2293,0.010391588
1,2294,0.03076237
1,2295,0.005463238
1,2296,0.035031494
1,2297,0.021319266
1,2298,0.09855079
1,2299,0.023995455
1,2300,0.21223423
1,2301,0.00041320454
1,2302,0.006478782
1,2303,0.0010878993
1,2304,0.0022265268
1,2305,0.08069258
1,2306,0.0017530276
1,2307,0.037684914
1,2308,0.05820298
1,2309,0.106424294
1,2310,-0.0025526928
1,2311,0.0050579263
1,2312,0.10871231
1,2313,0.020609614
1,2314,0.12210628
1,2315,0.00082999
1,2316,0.09994798
1,2317,0.09316053
1,2318,0.034877356
1,2319,0.026914235
1,2320,0.07160645
1,2321,0.052714583
1,2322,0.14456767
1,2323,0.0890777
1,2324,0.021095332
1,2325,0.117850654
1,2326,0.06255304
1,2327,0.080435984
1,2328,0.14626595
1,2329,0.050397035
1,2330,0.04155415
1,2331,0.064168744
1,2332,0.044654187
1,2333,0.02150708
1,2334,0.13169026
1,2335,0.021391865
1,2336,0.16027668
1,2337,0.03445607
1,2338,0.008394892
1,2339,0.002252574
1,2340,0.196998
1,2341,0.023890313
1,2342,0.031801816
1,2343,0.1241396
1,2344,0.08327972
1,2345,-0.0013734745
1,2346,0.020957287
1,2347,0.1350455
1,2348,0.16412216
1,2349,0.041009363
1,2350,0.035795864
1,2351,0.061095502
1,2352,0.10645919
1,2353,0.061469432
1,2354,0.03823548
1,2355,0.04107785
1,2356,0.036846455
1,2357,0.024470624
1,2358,0.010858829
1,2359,0.009416158
1,2360,0.0024133278
1,2361,0.0040372564
1,2362,-0.00278378
1,2363,0.04852986
1,2364,0.0064049913
1,2365,0.15545762
1,2366,0.0647729
1,2367,0.008083816
1,2368,0.020033296
1,2369,0.011853511
1,2370,0.11274134
1,2371,-0.0019286321
1,2372,0.0025033904
1,2373,0.07583221
1,2374,-0.0037617134
1,2375,0.02621257
1,2376,0.06932824
1,2377,0.05212986
1,2378,0.039729472
1,2379,0.0045446707
1,2380,0.029559191
1,2381,0.0780208
1,2382,0.10748821
1,2383,0.010859068
1,2384,0.07558083
1,2385,0.012469168
1,2386,0.034509
1,2387,0.091287546
1,2388,0.19023281
1,2389,0.057842102
1,2390,0.022604104
1,2391,0.05253243
1,2392,0.028437551
1,2393,0.08655571
1,2394,0.027623292
1,2395,0.08935457
1,2396,0.026412543
1,2397,0.12602025
1,2398,0.024600442
1,2399,0.012301738
1,2400,0.026500877
1,2401,0.08660411
1,2402,0.09237813
1,2403,0.09232973
1,2404,0.09186732
1,2405,-0.0025957273
1,2406,0.19372219
1,2407,0.035567757
1,2408,0.02332222
1,2409,0.10859578
1,2410,0.1286951
1,2411,0.023545977
1,2412,0.0082944585
1,2413,0.024007972
1,2414,0.018263336
1,2415,0.02260917
1,2416,0.07222705
1,2417,0.11489754
1,2418,0.080110244
1,2419,0.109520815
1,2420,0.07448708
1,2421,0.11130028
1,2422,0.01685017
1,2423,0.28024927
1,2424,0.05087888
1,2425,0.031371053
1,2426,0.06966769
1,2427,0.013718422
1,2428,0.043668445
1,2429,0.034858223
1,2430,0.03210407
1,2431,0.03153893
1,2432,0.08186936
1,2433,0.1559748
1,2434,0.09961005
1,2435,0.06945705
1,2436,0.038662013
1,2437,0.09162127
1,2438,0.0907247
1,2439,0.081103854
1,2440,0.060153898
1,2441,0.03676581
1,2442,0.15839463
1,2443,0.08327126
1,2444,0.018667873
1,2445,0.09330844
1,2446,0.06984752
1,2447,0.01539361
1,2448,0.0772089
1,2449,0.12782156
1,2450,0.057657953
1,2451,0.0021970822
1,2452,0.035548206
1,2453,0.042109843
1,2454,0.027535912
1,2455,0.116374485
1,2456,0.114847295
1,2457,0.017989274
1,2458,0.08968144
1,2459,0.16347939
1,2460,0.058805343
1,2461,0.01073509
1,2462,0.042543408
1,2463,0.018076178
1,2464,0.096888356
1,2465,0.0062546087
1,2466,0.024410423
1,2467,0.06018048
1,2468,0.012508507
1,2469,0.14713842
1,2470,0.112175696
1,2471,0.08611029
1,2472,0.09684002
1,2473,0.04660284
1,2474,0.0076857163
1,2475,0.07447677
1,2476,0.069420926
1,2477,0.011037405
1,2478,0.13596475
1,2479,0.07223099
1,2480,0.08518224
1,2481,0.030632135
1,2482,0.03885382
1,2483,0.03273129
1,2484,0.04584455
1,2485,0.04280358
1,2486,0.07109534
1,2487,0.018466529
1,2488,0.030145045
1,2489,0.0007014228
1,2490,0.082890086
1,2491,1.0426156e-05
1,2492,0.19656962
1,2493,0.060115453
1,2494,0.14995927
1,2495,0.1435785
1,2496,0.05776572
1,2497,-0.0020249533
1,2498,0.0026277257
1,2499,0.034358557
1,2500,0.07627397
1,2501,0.22718763
1,2502,0.015258367
1,2503,0.04538947
1,2504,0.11360275
1,2505,0.07270073
1,2506,0.19453156
1,2507,0.06404235
1,2508,0.0308786
1,2509,0.023945507
1,2510,0.06654873
1,2511,0.016035076
1,2512,0.01868343
1,2513,0.14912549
1,2514,0.09256547
1,2515,0.020512875
1,2516,0.1146295
1,2517,0.106392734
1,2518,0.061882433
1,2519,0.014186795
1,2520,0.05439144
1,2521,0.17370239
1,2522,0.09202754
1,2523,0.0052389456
1,2524,0.04281145
1,2525,0.013102348
1,2526,0.040642854
1,2527,0.009210373
1,2528,0.085774414
1,2529,0.14263743
1,2530,0.024137732
1,2531,0.11368679
1,2532,0.050817247
1,2533,0.06337982
1,2534,-0.00088787545
1,2535,0.05772006
1,2536,0.019399937
1,2537,0.032381173
1,2538,0.09984677
1,2539,0.0017194105
1,2540,0.03281301
1,2541,0.026052352
1,2542,0.041524228
1,2543,0.15965176
1,2544,0.12597209
1,2545,0.008528407
1,2546,0.13611287
1,2547,0.0092391325
1,2548,0.16886163
1,2549,0.0013886644
1,2550,0.075362675
1,2551,0.03451043
1,2552,0.084773354
1,2553,0.092210524
1,2554,0.01728296
1,2555,0.023186263
1,2556,0.13029218
1,2557,0.0630269
1,2558,0.012011464
1,2559,0.05937421
1,2560,0.1786491
1,2561,0.08073019
1,2562,0.0005202247
1,2563,0.015261228
1,2564,0.07225483
1,2565,0.046054896
1,2566,0.025007125
1,2567,0.0366618
1,2568,0.074608855
1,2569,0.022425648
1,2570,0.16829878
1,2571,0.013918514
1,2572,0.03235003
1,2573,0.06868624
1,2574,0.00801086
1,2575,0.08742922
1,2576,0.03982347
1,2577,0.02238318
1,2578,0.0752623
1,2579,0.17178822
1,2580,0.019251402
1,2581,0.123213165
1,2582,0.0034800423
1,2583,0.08895879
1,2584,0.04752445
1,2585,0.28274655
1,2586,0.042191263
1,2587,0.0073755337
1,2588,0.07124888
1,2589,0.07624256
1,2590,0.0054418994
1,2591,0.029277738
1,2592,0.04438692
1,2593,0.07363134
1,2594,-0.0049366998
1,2595,-0.0013321685
1,2596,0.19581005
1,2597,0.1633035
1,2598,0.13866195
1,2599,0.054815408
1,2600,0.09992593
1,2601,0.07727712
1,2602,0.12996665
1,2603,0.038507577
1,2604,0.0020780517
1,2605,0.07260256
1,2606,0.039112207
1,2607,0.006287451
1,2608,0.07315426
1,2609,0.028912034
1,2610,0.0025278283
1,2611,0.0023981286
1,2612,0.16916314
1,2613,0.13447312
1,2614,0.2637272
1,2615,0.23387066
1,2616,0.15983427
1,2617,0.024541136
1,2618,0.055833872
1,2619,0.030644532
1,2620,0.058892008
1,2621,0.19397026
1,2622,-0.004584198
1,2623,0.0639854
1,2624,0.02380329
1,2625,0.025572237
1,2626,0.010860915
1,2627,0.007228191
1,2628,0.13038287
1,2629,0.1254608
1,2630,0.11491572
1,2631,0.013449903
1,2632,0.22687507
1,2633,0.042688247
1,2634,0.066102974
1,2635,0.1201868
1,2636,0.007811065
1,2637,0.03704014
1,2638,0.025433894
1,2639,0.15001273
1,2640,0.12127536
1,2641,0.0989803
1,2642,0.010259326
1,2643,0.09384077
1,2644,0.023073252
1,2645,0.052765783
1,2646,0.015670594
1,2647,0.05289161
1,2648,0.112614684
1,2649,0.025597569
1,2650,0.011520023
1,2651,0.07941788
1,2652,0.031816777
1,2653,0.07525461
1,2654,0.08058708
1,2655,0.13114017
1,2656,0.043609973
1,2657,0.05555385
1,2658,0.017764565
1,2659,0.11014449
1,2660,0.009255107
1,2661,0.03131881
1,2662,0.18626103
1,2663,0.08503061
1,2664,0.04687881
1,2665,0.017517444
1,2666,0.056709435
1,2667,0.0070279194
1,2668,0.011059518
1,2669,0.04052597
1,2670,0.022346314
1,2671,0.14741147
1,2672,0.20249224
1,2673,0.033044156
1,2674,0.021443363
1,2675,0.04087585
1,2676,0.032644447
1,2677,0.023243364
1,2678,0.028018292
1,2679,0.11473101
1,2680,0.051628407
1,2681,0.08041667
1,2682,0.0020471169
1,2683,0.06091177
1,2684,0.03570312
1,2685,0.09615987
1,2686,0.033286687
1,2687,0.065968685
1,2688,0.01497
1,2689,0.025483783
1,2690,0.18336833
1,2691,0.1074199
1,2692,0.051146325
1,2693,0.10944008
1,2694,0.020983215
1,2695,0.05530828
1,2696,0.08867138
1,2697,0.07771628
1,2698,0.02642047
1,2699,0.12494814
1,2700,0.08191865
1,2701,0.025111552
1,2702,0.015086527
1,2703,0.006922598
1,2704,0.1353789
1,2705,0.05669987
1,2706,-0.00035709608
1,2707,0.07670765
1,2708,0.20927885
1,2709,0.018001433
1,2710,0.020650383
1,2711,0.0061851693
1,2712,0.0659815
1,2713,0.12761956
1,2714,0.072511785
1,2715,0.0884726
1,2716,0.052789863
1,2717,0.0063654734
1,2718,0.19771975
1,2719,0.027658459
1,2720,0.16436726
1,2721,0.011791403
1,2722,0.058381256
1,2723,0.0037327958
1,2724,0.13195765
1,2725,0.15185249
1,2726,0.15344253
1,2727,0.12883824
1,2728,0.09427666
1,2729,0.06316256
1,2730,0.16608167
1,2731,0.11210989
1,2732,0.05529433
1,2733,0.26615673
1,2734,0.03698742
1,2735,0.009187992
1,2736,0.15420735
1,2737,0.0063317968
1,2738,0.06326609
1,2739,0.08175456
1,2740,0.014472361
1,2741,0.0839413
1,2742,0.005014713
1,2743,0.061198052
1,2744,0.03572702
1,2745,0.10189205
1,2746,0.054219063
1,2747,0.039813485
1,2748,0.0034156395
1,2749,0.0756759
1,2750,0.007100816
1,2751,0.0038781716
1,2752,0.0703169
1,2753,0.10878771
1,2754,0.10356646
1,2755,0.13074172
1,2756,0.020278033
1,2757,0.008039827
1,2758,0.16145307
1,2759,0.027717825
1,2760,-0.001649444
1,2761,0.09247675
1,2762,0.087435775
1,2763,0.054916468
1,2764,0.046387788
1,2765,0.0011306359
1,2766,0.14733064
1,2767,0.099327855
1,2768,0.092670076
1,2769,0.197788
1,2770,0.059620615
1,2771,0.023755487
1,2772,0.059301313
1,2773,0.012368317
1,2774,0.039658364
1,2775,-0.0022967504
1,2776,0.052643057
1,2777,0.13912314
1,2778,0.17422324
1,2779,0.13464752
1,2780,0.06395983
1,2781,0.044541236
1,2782,0.032888766
1,2783,0.057856437
1,2784,0.1735918
1,2785,0.042816337
1,2786,0.12574518
1,2787,-0.0009877132
1,2788,0.023008998
1,2789,0.15030754
1,2790,0.011702175
1,2791,0.12323331
1,2792,0.049772676
1,2793,0.0068459464
1,2794,0.13290715
1,2795,0.16937357
1,2796,0.12619615
1,2797,0.008476491
1,2798,0.052088257
1,2799,0.066859834
1,2800,0.04817688
1,2801,0.047135588
1,2802,0.0058872653
1,2803,0.057321783
1,2804,0.0059015704
1,2805,-0.00049520005
1,2806,0.043298956
1,2807,0.050651785
1,2808,0.2502749
1,2809,0.13981235
1,2810,0.0747131
1,2811,0.035579797
1,2812,0.05333626
1,2813,0.066098265
1,2814,0.10963797
1,2815,0.04828089
1,2816,0.05904218
1,2817,0.077099614
1,2818,0.035748716
1,2819,0.141765
1,2820,0.011060114
1,2821,0.20597607
1,2822,0.10716724
1,2823,0.097648434
1,2824,0.114799075
1,2825,0.07795965
1,2826,0.008365269
1,2827,0.025396701
1,2828,0.08158981
1,2829,0.015837308
1,2830,0.2293827
1,2831,0.052803215
1,2832,0.04570299
1,2833,0.10426938
1,2834,0.08350163
1,2835,0.030737396
1,2836,0.07228034
1,2837,0.09414875
1,2838,0.07463502
1,2839,0.0073529435
1,2840,0.15156671
1,2841,0.10550582
1,2842,0.118191145
1,2843,0.008149262
1,2844,0.052831646
1,2845,0.07243919
1,2846,0.028519388
1,2847,0.1594032
1,2848,0.14980924
1,2849,0.013323839
1,2850,0.015704866
1,2851,-0.0013026642
1,2852,0.04612201
1,2853,0.11666914
1,2854,0.019907173
1,2855,0.00079199206
1,2856,0.17681366
1,2857,0.040244576
1,2858,0.03934401
1,2859,0.010123606
1,2860,0.009584243
1,2861,0.1419625
1,2862,0.05070245
1,2863,0.046005066
1,2864,0.13368106
1,2865,0.024497207
1,2866,0.021019157
1,2867,0.12880874
1,2868,0.06910478
1,2869,0.009942348
1,2870,0.16198859
1,2871,0.071145646
1,2872,0.11692666
1,2873,0.03740793
1,2874,0.10327881
1,2875,0.020699289
1,2876,0.103919975
1,2877,0.005389805
1,2878,0.08795523
1,2879,0.09082817
1,2880,0.20351082
1,2881,0.11743938
1,2882,0.028801735
1,2883,0.10962739
1,2884,0.055138703
1,2885,0.058552142
1,2886,0.024389919
1,2887,0.07012289
1,2888,0.14372063
1,2889,0.16439366
1,2890,0.06317609
1,2891,0.003639455
1,2892,0.009010012
1,2893,0.055107888
1,2894,0.071368985
1,2895,0.085593395
1,2896,0.04371756
1,2897,0.077520005
1,2898,0.08841782
1,2899,0.04858541
1,2900,0.06950521
1,2901,0.082181446
1,2902,0.049849387
1,2903,0.12915802
1,2904,0.024686988
1,2905,-0.0034012245
1,2906,0.060660895
1,2907,0.06753849
1,2908,0.08994352
1,2909,0.0049476577
1,2910,0.008952613
1,2911,0.088790946
1,2912,0.056555744
1,2913,0.10412087
1,2914,0.13466734
1,2915,0.022204217
1,2916,0.11293011
1,2917,0.10780089
1,2918,0.06749766
1,2919,0.025125172
1,2920,0.018709477
1,2921,0.043389734
1,2922,0.068168275
1,2923,0.103292756
1,2924,-0.0029017972
1,2925,0.06473129
1,2926,0.116113864
1,2927,0.01643264
1,2928,0.021025296
1,2929,0.040722903
1,2930,0.15330172
1,2931,0.06849777
1,2932,0.0018455936
1,2933,0.009871538
1,2934,0.06912129
1,2935,0.23688143
1,2936,0.1303044
1,2937,0.009325321
1,2938,0.11107754
1,2939,0.023358997
1,2940,0.0608319
1,2941,0.21829215
1,2942,0.0004894687
1,2943,0.08958983
1,2944,0.032509502
1,2945,0.059286352
1,2946,0.0057652546
1,2947,0.04394376
1,2948,0.02927285
1,2949,-0.0016323971
1,2950,0.118586
1,2951,0.0069197966
1,2952,0.14983565
1,2953,0.104893796
1,2954,0.100303166
1,2955,0.12997898
1,2956,0.021438178
1,2957,0.110252075
1,2958,0.17680931
1,2959,0.113826595
1,2960,0.01927745
1,2961,0.10493999
1,2962,0.0018705679
1,2963,0.035681423
1,2964,0.06437748
1,2965,0.03953689
1,2966,0.06622546
1,2967,0.036356267
1,2968,0.14257312
1,2969,0.107501976
1,2970,0.0056509925
1,2971,-0.0010826634
1,2972,0.07925313
1,2973,0.03455579
1,2974,0.012992318
1,2975,0.024549242
1,2976,0.022049423
1,2977,0.16363752
1,2978,0.072501175
1,2979,0.09533434
1,2980,0.01718032
1,2981,-0.0011221217
1,2982,0.034615513
1,2983,0.11309814
1,2984,0.11978563
1,2985,0.042777475
1,2986,0.043772455
1,2987,0.0013853265
1,2988,0.18412974
1,2989,0.024463054
1,2990,0.11148619
1,2991,0.016260918
1,2992,0.086202316
1,2993,0.16851896
1,2994,0.040052887
1,2995,-0.00055313576
1,2996,0.10903787
1,2997,0.023975905
1,2998,0.02698731
1,2999,0.11349743
1,3000,0.019313928
1,3001,0.0611729
1,3002,0.028430518
1,3003,0.022320207
1,3004,0.12568602
1,3005,-0.0025994228
1,3006,0.045003053
1,3007,0.12124204
1,3008,0.025617924
1,3009,0.031175729
1,3010,0.06629508
1,3011,0.06038421
1,3012,0.1443122
1,3013,0.0016646935
1,3014,-0.0019993233
1,3015,0.124836676
1,3016,0.07115083
1,3017,0.07082098
1,3018,0.06824606
1,3019,-0.003759508
1,3020,0.07779544
1,3021,0.022634503
1,3022,0.025859322
1,3023,0.0823996
1,3024,0.06635552
1,3025,0.010187204
1,3026,0.14952445
1,3027,0.18036097
1,3028,0.13101852
1,3029,0.017269846
1,3030,0.05077493
1,3031,0.06129187
1,3032,0.020125236
1,3033,0.08281254
1,3034,0.015875872
1,3035,0.12766594
1,3036,0.07907062
1,3037,0.15081114
1,3038,0.26226676
1,3039,0.097542934
1,3040,0.08581316
1,3041,0.08117675
1,3042,0.1265589
1,3043,0.16231501
1,3044,0.006561394
1,3045,0.034712072
1,3046,0.15405822
1,3047,0.17296904
1,3048,0.034437474
1,3049,0.063240044
1,3050,0.0933687
1,3051,0.17947513
1,3052,0.016399499
1,3053,-0.0023820447
1,3054,0.252329
1,3055,0.22205424
1,3056,0.10554486
1,3057,0.00020497572
1,3058,0.11065989
1,3059,0.2740448
1,3060,0.05019244
1,3061,0.009665961
1,3062,0.02626216
1,3063,0.030435737
1,3064,0.10992663
1,3065,0.053157385
1,3066,0.046684798
1,3067,0.00541919
1,3068,0.019245323
1,3069,0.1991593
1,3070,0.04226696
1,3071,0.044970687
1,3072,0.008546139
1,3073,0.14671403
1,3074,0.033971068
1,3075,0.023594197
1,3076,0.08217802
1,3077,0.13299623
1,3078,0.01013511
1,3079,0.08669122
1,3080,0.014999594
1,3081,0.010739143
1,3082,0.006842698
1,3083,0.22770339
1,3084,0.0005348576
1,3085,0.11683004
1,3086,0.08121907
1,3087,0.0034609986
1,3088,0.20321488
1,3089,0.13179982
1,3090,0.2167452
1,3091,0.15986168
1,3092,0.041651484
1,3093,0.044155058
1,3094,0.055591222
1,3095,0.18866402
1,3096,0.062286492
1,3097,0.2122775
1,3098,0.16258207
1,3099,0.038836684
1,3100,0.120903544
1,3101,0.14469522
1,3102,0.0063645793
1,3103,0.02628183
1,3104,0.007856245
1,3105,0.07319599
1,3106,0.08152222
1,3107,0.11987551
1,3108,0.040257987
1,3109,-0.0037061619
1,3110,0.023697045
1,3111,0.0290693
1,3112,-0.0029889392
1,3113,0.0784822
1,3114,-0.0017074989
1,3115,0.15970057
1,3116,0.021563288
1,3117,0.17439216
1,3118,0.03295585
1,3119,0.007688607
1,3120,0.10472863
1,3121,0.10388812
1,3122,0.15322542
1,3123,0.080435865
1,3124,0.041977134
1,3125,0.022483882
1,3126,0.06023815
1,3127,0.09558826
1,3128,0.04778662
1,3129,0.015954103
1,3130,0.25113833
1,3131,0.09146505
1,3132,0.15070358
1,3133,0.010707791
1,3134,0.09920662
1,3135,0.012222583
1,3136,0.008474763
1,3137,0.048488494
1,3138,0.06304472
1,3139,0.15960166
1,3140,0.089992456
1,3141,0.0034030331
1,3142,0.011135693
1,3143,0.05354404
1,3144,0.102258615
1,3145,0.037490513
1,3146,0.03021979
1,3147,0.16113892
1,3148,0.07168322
1,3149,0.0759291
1,3150,0.13881606
1,3151,0.07919594
1,3152,0.30940187
1,3153,0.055945095
1,3154,0.17948008
1,3155,0.038220283
1,3156,0.059723433
1,3157,0.048195537
1,3158,0.072861366
1,3159,0.13994303
1,3160,0.02731895
1,3161,0.045064326
1,3162,0.29279038
1,3163,0.07851236
1,3164,0.17350665
1,3165,0.05699661
1,3166,-0.0006727027
1,3167,0.07997506
1,3168,0.13064918
1,3169,0.13653016
1,3170,0.15502965
1,3171,0.14049846
1,3172,0.012249465
1,3173,0.08117121
1,3174,0.008094604
1,3175,0.11162927
1,3176,0.01757675
1,3177,0.17792088
1,3178,0.08471068
1,3179,0.14159322
1,3180,0.0012518121
1,3181,0.04855102
1,3182,0.017028805
1,3183,0.021266934
1,3184,0.004392321
1,3185,0.0013478352
1,3186,0.07785588
1,3187,0.0888397
1,3188,0.02372789
1,3189,0.08722358
1,3190,0.119383685
1,3191,0.050163563
1,3192,0.15232038
1,3193,0.024263706
1,3194,0.22520134
1,3195,0.038732197
1,3196,0.02314305
1,3197,0.040715214
1,3198,0.08705103
1,3199,0.22410601
1,3200,0.03713664
1,3201,-0.0025942372
1,3202,0.13100302
1,3203,0.0721926
1,3204,0.10391032
1,3205,0.06304341
1,3206,0.014083738
1,3207,0.08367684
1,3208,0.031114873
1,3209,0.098068856
1,3210,0.026691373
1,3211,0.18868285
1,3212,0.13485241
1,3213,0.09017073
1,3214,0.017265406
1,3215,0.11936661
1,3216,0.0043197228
1,3217,0.16622359
1,3218,0.058775004
1,3219,0.022594865
1,3220,0.13315508
1,3221,0.08009159
1,3222,0.030428525
1,3223,0.41233516
1,3224,0.186153
1,3225,0.11952215
1,3226,0.013179715
1,3227,0.043711837
1,3228,0.013580854
1,3229,0.14144066
1,3230,0.1378581
1,3231,0.028518315
1,3232,0.12539563
1,3233,0.14005655
1,3234,0.070361786
1,3235,0.1041727
1,3236,0.02323025
1,3237,0.034480866
1,3238,0.09224292
1,3239,0.10657453
1,3240,0.006509776
1,3241,0.04704916
1,3242,0.0056865765
1,3243,0.051479694
1,3244,0.03198668
1,3245,0.10354497
1,3246,0.22811973
1,3247,0.0016688062
1,3248,0.023980375
1,3249,0.20642266
1,3250,0.038761493
1,3251,0.09751033
1,3252,0.041333076
1,3253,0.16679907
1,3254,0.0314455
1,3255,0.022318956
1,3256,0.12180828
1,3257,0.06539302
1,3258,0.17679176
1,3259,0.039646026
1,3260,0.031142648
1,3261,0.047574993
1,3262,0.042616483
1,3263,0.2270453
1,3264,0.08159315
1,3265,-0.003527169
1,3266,0.0067473007
1,3267,0.023276147
1,3268,0.20394665
1,3269,0.18506023
1,3270,0.013852413
1,3271,0.08446648
1,3272,0.05927026
1,3273,0.023827758
1,3274,0.021130439
1,3275,0.14699942
1,3276,0.07104241
1,3277,0.012280996
1,3278,0.21487558
1,3279,0.04922485
1,3280,0.07360058
1,3281,-0.0008850144
1,3282,0.13591158
1,3283,0.08550697
1,3284,0.046680626
1,3285,0.021522071
1,3286,0.17620128
1,3287,0.1486252
1,3288,0.15046415
1,3289,0.14314145
1,3290,0.18426639
1,3291,0.05612659
1,3292,0.05518278
1,3293,0.17248493
1,3294,0.04056823
1,3295,0.142111
1,3296,0.07807147
1,3297,0.012130733
1,3298,0.13454193
1,3299,0.13952014
1,3300,0.02213734
1,3301,0.06717964
1,3302,0.08961164
1,3303,0.04581293
1,3304,0.019753452
1,3305,0.21913248
1,3306,0.06128722
1,3307,0.12942547
1,3308,0.03407341
1,3309,0.0039530946
1,3310,0.08055239
1,3311,0.054978635
1,3312,0.08720785
1,3313,0.15157413
1,3314,0.00013112556
1,3315,0.109055094
1,3316,0.15271086
1,3317,0.065553896
1,3318,0.05688482
1,3319,0.010353918
1,3320,-0.0023497688
1,3321,0.095612966
1,3322,0.05261984
1,3323,0.07262658
1,3324,0.49730945
1,3325,0.13496602
1,3326,0.107835345
1,3327,0.052817997
1,3328,0.1690377
1,3329,0.021236416
1,3330,0.0003601266
1,3331,0.120506994
1,3332,0.15318793
1,3333,0.27787587
1,3334,0.027600165
1,3335,0.030878391
1,3336,0.2018364
1,3337,0.05918401
1,3338,0.04974025
1,3339,0.07807099
1,3340,0.08301332
1,3341,0.08519169
1,3342,-0.0028361725
1,3343,0.10140728
1,3344,0.26475897
1,3345,0.18325138
1,3346,0.2025345
1,3347,0.048077878
1,3348,0.0054842187
1,3349,0.06959336
1,3350,0.20528579
1,3351,0.003559227
1,3352,0.049617793
1,3353,0.014340575
1,3354,0.009592052
1,3355,0.0872395
1,3356,0.10567688
1,3357,0.21929699
1,3358,-0.0041149603
1,3359,0.04195064
1,3360,0.15673211
1,3361,0.11985635
1,3362,0.15524548
1,3363,0.052341398
1,3364,0.2759924
1,3365,0.10794436
1,3366,0.08392622
1,3367,0.16281912
1,3368,0.11503338
1,3369,-0.0013243603
1,3370,0.16323018
1,3371,0.051167782
1,3372,0.028427418
1,3373,0.08688738
1,3374,0.14456856
1,3375,0.10348164
1,3376,0.26026455
1,3377,0.06291001
1,3378,0.020096477
1,3379,0.17315495
1,3380,0.066170745
1,3381,0.21505266
1,3382,0.07209163
1,3383,0.04963964
1,3384,0.057786997
1,3385,0.09178757
1,3386,0.08756893
1,3387,0.22711262
1,3388,0.011119957
1,3389,0.13632348
1,3390,0.05672842
1,3391,0.14785364
1,3392,0.13568988
1,3393,0.0066185547
1,3394,0.07609423
1,3395,0.10265785
1,3396,0.13081235
1,3397,0.19713092
1,3398,0.10991993
1,3399,0.13066834
1,3400,0.043652114
1,3401,0.19880787
1,3402,0.11016797
1,3403,0.23953062
1,3404,0.13833845
1,3405,0.24559551
1,3406,0.25243706
1,3407,0.07793748
1,3408,0.08929872
1,3409,0.23056859
1,3410,0.016335484
1,3411,0.37273747
1,3412,0.012871857
1,3413,0.09940406
1,3414,0.1400215
1,3415,0.09866824
1,3416,0.15245402
1,3417,0.007818754
1,3418,0.25955352
1,3419,0.09556287
1,3420,0.17903921
1,3421,0.09294199
1,3422,0.02502757
1,3423,0.011415358
1,3424,0.23832089
1,3425,0.06649994
1,3426,0.12355297
1,3427,0.16257069
1,3428,0.05450883
1,3429,0.067330144
1,3430,0.1489878
1,3431,0.2764393
1,3432,0.13959181
1,3433,0.10130476
1,3434,0.020514663
1,3435,0.003960843
1,3436,0.0479809
1,3437,0.1381334
1,3438,0.07441207
1,3439,0.034478392
1,3440,0.051193055
1,3441,0.04695409
1,3442,0.23653623
1,3443,0.06555381
1,3444,0.12663937
1,3445,-0.0041323947
1,3446,0.1536141
1,3447,0.029519554
1,3448,0.015410121
1,3449,0.017350432
1,3450,0.105395906
1,3451,-0.0018751668
1,3452,0.039955344
1,3453,0.035117146
1,3454,0.023282107
1,3455,0.20544061
1,3456,0.12760383
1,3457,0.049097475
1,3458,0.10030209
1,3459,0.00558954
1,3460,0.12673831
1,3461,0.08098634
1,3462,0.20819575
1,3463,0.014984365
1,3464,0.034896728
1,3465,0.049572315
1,3466,0.04450571
1,3467,0.27526325
1,3468,0.1757378
1,3469,0.052551683
1,3470,0.16252911
1,3471,0.006390686
1,3472,0.028743502
1,3473,0.03162962
1,3474,0.15219128
1,3475,-0.00354061
1,3476,0.21222243
1,3477,0.10471647
1,3478,0.05757984
1,3479,0.01775333
1,3480,0.110166006
1,3481,0.0017754389
1,3482,0.093449794
1,3483,0.03971651
1,3484,0.010261561
1,3485,0.18173832
1,3486,0.06754222
1,3487,0.0056479527
1,3488,0.023617383
1,3489,0.047660973
1,3490,0.037656005
1,3491,0.048786934
1,3492,0.024768349
1,3493,0.098673455
1,3494,0.18376535
1,3495,0.10987722
1,3496,0.11888366
1,3497,0.034914073
1,3498,0.02442294
1,3499,0.03813457
1,3500,0.034707066
1,3501,0.03287011
1,3502,0.13153672
1,3503,0.10871153
1,3504,0.11784195
1,3505,0.19388816
1,3506,0.13865244
1,3507,0.039706465
1,3508,0.10413062
1,3509,0.04303732
1,3510,0.123766266
1,3511,0.09991502
1,3512,-0.0013183402
1,3513,0.056567933
1,3514,0.13309541
1,3515,0.20215854
1,3516,0.29217362
1,3517,-0.0023668157
1,3518,0.049721446
1,3519,0.020682331
1,3520,0.14308405
1,3521,0.004164125
1,3522,0.09739711
1,3523,0.08175292
1,3524,0.20733732
1,3525,0.05150562
1,3526,0.065324776
1,3527,0.27869856
1,3528,0.108405106
1,3529,0.120003544
1,3530,0.069482796
1,3531,0.024159577
1,3532,0.035151716
1,3533,0.00094091427
1,3534,0.018971022
1,3535,0.01180094
1,3536,0.14006442
1,3537,0.021450635
1,3538,0.094057135
1,3539,0.028436597
1,3540,0.06438004
1,3541,0.10901096
1,3542,0.049337562
1,3543,0.10687327
1,3544,0.10109743
1,3545,0.06266951
1,3546,0.0025880886
1,3547,0.25622422
1,3548,0.026597377
1,3549,0.050264772
1,3550,0.1124106
1,3551,0.06776475
1,3552,0.01041388
1,3553,0.0060353233
1,3554,0.1537239
1,3555,0.05335557
1,3556,-0.0035417126
1,3557,0.017556157
1,3558,0.11993336
1,3559,0.099537425
1,3560,0.11568492
1,3561,0.029914405
1,3562,0.08628815
1,3563,0.2161799
1,3564,0.289538
1,3565,0.03025001
1,3566,0.16650891
1,3567,0.0150368465
1,3568,0.05028933
1,3569,0.17022246
1,3570,0.14203209
1,3571,0.16773659
1,3572,0.043043043
1,3573,0.16674536
1,3574,0.26212454
1,3575,0.13411978
1,3576,0.14156127
1,3577,0.1085911
1,3578,0.13962936
1,3579,0.04532283
1,3580,0.19509369
1,3581,0.008138652
1,3582,0.19509792
1,3583,0.08566659
1,3584,0.12798825
1,3585,0.011446024
1,3586,0.118913524
1,3587,0.0032021953
1,3588,0.05091619
1,3589,0.005787666
1,3590,0.13989815
1,3591,0.09732451
1,3592,0.06281083
1,3593,0.11650508
1,3594,0.036326375
1,3595,0.1788606
1,3596,0.07176375
1,3597,0.030836489
1,3598,0.11091434
1,3599,0.08201485
1,3600,0.09700852
1,3601,0.27342588
1,3602,0.14704525
1,3603,0.15548232
1,3604,0.033472177
1,3605,0.1415422
1,3606,0.11047571
1,3607,0.061594304
1,3608,0.1326102
1,3609,0.16283944
1,3610,0.26793227
1,3611,0.13190234
1,3612,0.07383775
1,3613,0.14708513
1,3614,0.097642116
1,3615,0.0147368265
1,3616,0.00075202715
1,3617,0.2044037
1,3618,0.09805005
1,3619,-0.003289883
1,3620,0.15037125
1,3621,0.09805357
1,3622,0.077340506
1,3623,0.06480151
1,3624,0.024839696
1,3625,0.0963208
1,3626,0.12340664
1,3627,0.12792051
1,3628,0.2679332
1,3629,0.0042284084
1,3630,0.061851677
1,3631,0.090487085
1,3632,0.14405614
1,3633,0.062929444
1,3634,0.14408767
1,3635,0.000906582
1,3636,0.13110799
1,3637,0.018723007
1,3638,0.07477381
1,3639,0.015891071
1,3640,0.15928248
1,3641,0.08690392
1,3642,0.027310666
1,3643,0.15873095
1,3644,0.16537398
1,3645,0.03871214
1,3646,0.055818703
1,3647,0.18359596
1,3648,0.33428976
1,3649,-0.001762216
1,3650,0.16665569
1,3651,0.0568186
1,3652,0.13922748
1,3653,0.09113296
1,3654,0.11521905
1,3655,0.014702733
1,3656,0.035881814
1,3657,0.09773188
1,3658,0.035975035
1,3659,0.052941795
1,3660,0.17346269
1,3661,-0.0015265392
1,3662,0.040220734
1,3663,0.19978192
1,3664,0.24608886
1,3665,0.041232165
1,3666,0.15515447
1,3667,0.0340805
1,3668,0.022534486
1,3669,0.06997799
1,3670,0.0930981
1,3671,0.0144619895
1,3672,0.10482388
1,3673,0.046352413
1,3674,0.17894849
1,3675,0.09977811
1,3676,0.083440565
1,3677,0.078582756
1,3678,0.0691485
1,3679,0.0007347418
1,3680,0.2273264
1,3681,0.03735557
1,3682,0.045954462
1,3683,-0.00097239483
1,3684,0.18756232
1,3685,0.13267908
1,3686,0.08470821
1,3687,0.000989492
1,3688,0.12301212
1,3689,0.24559343
1,3690,0.06967612
1,3691,0.062062737
1,3692,0.22589687
1,3693,0.10602095
1,3694,0.1286771
1,3695,0.18570477
1,3696,0.16669515
1,3697,0.1621911
1,3698,0.114271216
1,3699,0.14899471
1,3700,-0.0009269761
1,3701,0.15680325
1,3702,-0.003463571
1,3703,0.096941166
1,3704,0.004104252
1,3705,0.13832444
1,3706,0.060028788
1,3707,0.17166778
1,3708,0.072763495
1,3709,0.061259862
1,3710,0.08399283
1,3711,0.05608159
1,3712,0.1114059
1,3713,0.12530869
1,3714,0.055487093
1,3715,0.10056528
1,3716,0.19827512
1,3717,0.085457735
1,3718,0.06701218
1,3719,0.13909787
1,3720,0.31287044
1,3721,0.07040455
1,3722,0.009779687
1,3723,0.17809302
1,3724,0.018134918
1,3725,0.050881054
1,3726,0.13314289
1,3727,0.082709424
1,3728,0.058947142
1,3729,0.2638831
1,3730,0.16716772
1,3731,0.21312109
1,3732,0.123243265
1,3733,0.2209503
1,3734,0.045718726
1,3735,0.12736452
1,3736,0.31654537
1,3737,0.016807254
1,3738,0.012027617
1,3739,0.009272094
1,3740,0.06404286
1,3741,0.1362623
1,3742,0.13142246
1,3743,0.033205446
1,3744,0.25263858
1,3745,0.25450802
1,3746,0.21364117
1,3747,0.08836811
1,3748,0.13197735
1,3749,0.052455183
1,3750,0.13539907
1,3751,0.05204835
1,3752,0.23197389
1,3753,0.08071595
1,3754,0.13763711
1,3755,0.020406004
1,3756,0.1734811
1,3757,0.00035181176
1,3758,0.10160824
1,3759,0.0802347
1,3760,0.15453848
1,3761,0.11754619
1,3762,0.097688906
1,3763,-0.0008167075
1,3764,0.06757795
1,3765,0.14952183
1,3766,0.028356876
1,3767,0.16453493
1,3768,0.078548305
1,3769,0.038728025
1,3770,0.17602298
1,3771,0.3654062
1,3772,0.18821913
1,3773,0.26289392
1,3774,0.08274778
1,3775,0.007340963
1,3776,0.0870071
1,3777,0.071292005
1,3778,0.3124201
1,3779,0.0051353527
1,3780,0.09270387
1,3781,0.087334804
1,3782,0.07911866
1,3783,0.18516967
1,3784,0.017044004
1,3785,0.07072439
1,3786,0.024544295
1,3787,-0.004814719
1,3788,0.061381605
1,3789,0.1323306
1,3790,0.24459293
1,3791,0.0338155
1,3792,0.16345426
1,3793,0.028059509
1,3794,0.11537983
1,3795,0.03301921
1,3796,0.14670795
1,3797,0.02845892
1,3798,0.09924745
1,3799,0.20030117
1,3800,0.0021240665
1,3801,0.048476633
1,3802,0.027546879
1,3803,-0.0046021985
1,3804,0.17341715
1,3805,0.18903804
1,3806,0.124937825
1,3807,0.12072044
1,3808,0.15448341
1,3809,-0.0024182843
1,3810,0.21210346
1,3811,0.1305393
1,3812,0.1613223
1,3813,0.21497273
1,3814,0.037323948
1,3815,0.2973095
1,3816,0.07030823
1,3817,0.072220735
1,3818,0.15826118
1,3819,0.010832305
1,3820,0.17240423
1,3821,0.036143567
1,3822,0.048197087
1,3823,0.24538466
1,3824,0.042629536
1,3825,0.026986774
1,3826,0.22254595
1,3827,-0.0034538256
1,3828,0.109278016
1,3829,0.055637565
1,3830,0.13560462
1,3831,0.17346781
1,3832,0.101329945
1,3833,0.02159169
1,3834,0.122724615
1,3835,0.025573667
1,3836,0.16309765
1,3837,0.005279864
1,3838,0.31042138
1,3839,0.18777674
1,3840,0.11543047
1,3841,0.15429845
1,3842,0.027812447
1,3843,0.1296007
1,3844,0.07436105
1,3845,0.03898352
1,3846,0.28434977
1,3847,0.08244025
1,3848,0.03458154
1,3849,0.2230401
1,3850,0.010425742
1,3851,0.1463564
1,3852,0.13916701
1,3853,0.06816932
1,3854,0.14174095
1,3855,0.07979991
1,3856,-0.0032809423
1,3857,0.029100176
1,3858,0.1491454
1,3859,0.09554943
1,3860,0.106318794
1,3861,-0.0049940394
1,3862,0.05828398
1,3863,-0.000106607564
1,3864,0.0023724688
1,3865,0.20284355
1,3866,0.0668795
1,3867,0.062165078
1,3868,0.08443912
1,3869,0.06536751
1,3870,0.07597398
1,3871,0.013002331
1,3872,0.33041266
1,3873,0.02704474
1,3874,0.10441729
1,3875,0.087438814
1,3876,0.1263529
1,3877,0.035877045
1,3878,0.0036438657
1,3879,0.0635848
1,3880,0.38120475
1,3881,0.13865209
1,3882,0.13404793
1,3883,0.21019363
1,3884,-0.0042614387
1,3885,0.16812459
1,3886,0.12540632
1,3887,0.1953781
1,3888,0.029873278
1,3889,0.025397953
1,3890,0.2187149
1,3891,0.15332165
1,3892,0.01973283
1,3893,0.020373281
1,3894,0.23318884
1,3895,0.050210234
1,3896,0.14122933
1,3897,0.004261191
1,3898,0.3415342
1,3899,0.1524927
1,3900,0.29460365
1,3901,0.05061018
1,3902,0.1759539
1,3903,0.19643134
1,3904,0.08487379
1,3905,0.16284013
1,3906,0.12536764
1,3907,0.048062053
1,3908,0.096500985
1,3909,0.0027904762
1,3910,0.123798124
1,3911,0.25454575
1,3912,0.072452776
1,3913,0.18828508
1,3914,0.046617206
1,3915,0.045854803
1,3916,0.016861346
1,3917,0.08816897
1,3918,0.038585212
1,3919,0.037832465
1,3920,0.23547521
1,3921,0.26593772
1,3922,0.023495909
1,3923,0.20716101
1,3924,0.0034328056
1,3925,0.115088545
1,3926,0.14688012
1,3927,0.16498053
1,3928,-0.00028747786
1,3929,0.24825138
1,3930,0.139431
1,3931,0.09025081
1,3932,0.10000562
1,3933,0.03646281
1,3934,0.0926333
1,3935,0.06738412
1,3936,0.0630671
1,3937,0.23166192
1,3938,0.098447256
1,3939,0.101749204
1,3940,0.13965493
1,3941,0.10829302
1,3942,0.112635605
1,3943,0.18189281
1,3944,0.075163595
1,3945,0.12798437
1,3946,0.06878834
1,3947,0.09390136
1,3948,0.14571032
1,3949,0.10466986
1,3950,0.14603385
1,3951,0.027386513
1,3952,0.20868802
1,3953,0.14208964
1,3954,0.23524162
1,3955,0.21293086
1,3956,0.44630796
1,3957,0.009561474
1,3958,0.057783004
1,3959,0.03785443
1,3960,0.04013097
1,3961,0.1044574
1,3962,0.10940757
1,3963,0.031755324
1,3964,0.04479557
1,3965,0.06255006
1,3966,0.047922608
1,3967,0.19051546
1,3968,0.03823548
1,3969,0.05654272
1,3970,0.28649408
1,3971,0.13868716
1,3972,0.14057013
1,3973,0.051050182
1,3974,0.15567708
1,3975,0.01891711
1,3976,0.25329068
1,3977,0.3864731
1,3978,0.004463698
1,3979,0.09533464
1,3980,0.4563067
1,3981,0.07575893
1,3982,0.06176054
1,3983,0.28671426
1,3984,0.032429304
1,3985,0.08082002
1,3986,0.18982983
1,3987,0.0018913103
1,3988,0.010658468
1,3989,0.088230185
1,3990,0.09522938
1,3991,0.1492374
1,3992,0.21078765
1,3993,0.02863374
1,3994,0.08415013
1,3995,0.15433282
1,3996,0.09559777
1,3997,0.052584346
1,3998,0.18054107
1,3999,0.023636904
1,4000,0.06738319
1,4001,0.13560408
1,4002,0.18382257
1,4003,0.09420829
1,4004,0.23934537
1,4005,0.12780523
1,4006,0.25581342
1,4007,0.42194203
1,4008,0.10740464
1,4009,0.12463968
1,4010,0.02871215
1,4011,0.18859135
1,4012,0.03649732
1,4013,0.03450864
1,4014,0.20592949
1,4015,0.01743197
1,4016,0.0077307476
1,4017,0.15495753
1,4018,0.23465428
1,4019,0.25023186
1,4020,0.20667821
1,4021,-0.004010563
1,4022,0.16534743
1,4023,0.043124553
1,4024,0.12550193
1,4025,0.4625172
1,4026,0.21173128
1,4027,0.06390815
1,4028,0.115976565
1,4029,0.22266906
1,4030,0.09032952
1,4031,0.046121623
1,4032,0.11060702
1,4033,0.10497364
1,4034,0.21458566
1,4035,0.033403512
1,4036,0.30817407
1,4037,0.079522185
1,4038,0.042761292
1,4039,0.2058697
1,4040,0.010191615
1,4041,0.12803578
1,4042,0.028788354
1,4043,0.050504383
1,4044,0.27968735
1,4045,0.24637172
1,4046,0.23542312
1,4047,0.06784236
1,4048,0.26200935
1,4049,0.07603889
1,4050,0.14417773
1,4051,0.11309161
1,4052,0.11143651
1,4053,0.106838875
1,4054,0.046989974
1,4055,0.13095573
1,4056,0.058236416
1,4057,0.06681054
1,4058,0.19611138
1,4059,0.12862596
1,4060,0.049204525
1,4061,0.19060901
1,4062,0.17540583
1,4063,0.18047881
1,4064,0.27080268
1,4065,0.16578734
1,4066,0.09652626
1,4067,0.13623738
1,4068,0.0898002
1,4069,0.13386142
1,4070,0.12665111
1,4071,0.24354264
1,4072,0.29346496
1,4073,0.117374234
1,4074,0.069090776
1,4075,0.17142689
1,4076,0.05178785
1,4077,0.091839455
1,4078,0.09913831
1,4079,0.11074441
1,4080,0.16122928
1,4081,0.10961004
1,4082,0.076271586
1,4083,0.016285535
1,4084,0.11515447
1,4085,0.19551837
1,4086,0.15757075
1,4087,0.2170529
1,4088,0.11872833
1,4089,0.002429898
1,4090,0.16461438
1,4091,0.042832192
1,4092,0.13818449
1,4093,0.05294859
1,4094,0.28270245
1,4095,0.11902665
1,4096,0.12727255
1,4097,0.16328886
1,4098,0.03366142
1,4099,0.128086
1,4100,0.17952591
1,4101,0.062338647
1,4102,0.035329934
1,4103,0.13179195
1,4104,0.16647041
1,4105,0.068649344
1,4106,0.19770706
1,4107,0.02919769
1,4108,0.021501627
1,4109,0.017294463
1,4110,0.18009287
1,4111,0.086523585
1,4112,0.0125473095
1,4113,0.09480005
1,4114,0.09624069
1,4115,0.10169839
1,4116,0.092590146
1,4117,0.15021002
1,4118,0.014484937
1,4119,0.08179437
1,4120,0.03893658
1,4121,0.068400286
1,4122,0.04864615
1,4123,0.11700203
1,4124,-0.004546468
1,4125,0.015083547
1,4126,0.13598499
1,4127,0.06618824
1,4128,0.29412612
1,4129,0.009478028
1,4130,0.05613872
1,4131,0.22294322
1,4132,0.12715462
1,4133,0.0075293733
1,4134,0.10774701
1,4135,0.029185679
1,4136,0.13104686
1,4137,0.014733995
1,4138,0.0705181
1,4139,0.16617301
1,4140,0.15480796
1,4141,0.053742405
1,4142,0.08347892
1,4143,0.09881496
1,4144,0.08507269
1,4145,0.029991206
1,4146,0.073819034
1,4147,0.15799677
1,4148,0.17325366
1,4149,0.14724013
1,4150,0.12463438
1,4151,0.028384682
1,4152,0.23085707
1,4153,0.046285864
1,4154,0.1540747
1,4155,0.14593396
1,4156,0.0355505
1,4157,0.05342054
1,4158,0.00893193
1,4159,0.06152409
1,4160,0.11412441
1,4161,0.13598275
1,4162,0.002458687
1,4163,0.10263186
1,4164,0.108536415
1,4165,0.05619925
1,4166,0.0049479557
1,4167,0.0335139
1,4168,0.00664186
1,4169,-0.004325156
1,4170,0.07020142
1,4171,0.07016953
1,4172,0.06924968
1,4173,0.12378805
1,4174,0.08081018
1,4175,0.113957785
1,4176,0.062396344
1,4177,0.12303578
1,4178,0.034473058
1,4179,0.018904414
1,4180,0.03618705
1,4181,0.3239386
1,4182,0.1206898
1,4183,0.077963404
1,4184,0.026780393
1,4185,0.09898236
1,4186,0.17077738
1,4187,0.035191413
1,4188,0.23937792
1,4189,0.07772236
1,4190,0.059020277
1,4191,0.08589413
1,4192,0.053215142
1,4193,0.053754684
1,4194,0.014450843
1,4195,0.19330361
1,4196,0.032640453
1,4197,0.16803819
1,4198,0.019860204
1,4199,0.101967625
1,4200,0.028070208
1,4201,0.029689547
1,4202,-0.0030866908
1,4203,0.0129397465
1,4204,0.004637475
1,4205,0.08982622
1,4206,0.12053814
1,4207,0.013547893
1,4208,0.016061392
1,4209,0.04786193
1,4210,0.062076982
1,4211,0.2337988
1,4212,0.09148093
1,4213,0.08004882
1,4214,0.21961018
1,4215,0.11214774
1,4216,0.017100003
1,4217,0.17644507
1,4218,0.012782867
1,4219,0.00041073095
1,4220,0.061470445
1,4221,0.16218662
1,4222,0.04109099
1,4223,0.07974406
1,4224,0.093359224
1,4225,0.011017735
1,4226,0.0039046956
1,4227,0.18758416
1,4228,0.16002095
1,4229,0.04853564
1,4230,0.1433577
1,4231,0.07732742
1,4232,0.051381316
1,4233,0.1922031
1,4234,0.30069846
1,4235,0.14569479
1,4236,0.07677182
1,4237,0.001404996
1,4238,0.04445156
1,4239,0.051154997
1,4240,0.059094157
1,4241,0.014174874
1,4242,0.07550069
1,4243,0.05865821
1,4244,0.14221823
1,4245,0.05799773
1,4246,0.05351525
1,4247,0.0018612696
1,4248,0.10881322
1,4249,0.017475124
1,4250,0.123957805
1,4251,0.35430562
1,4252,0.008082802
1,4253,0.13652807
1,4254,0.040610727
1,4255,0.17529964
1,4256,0.035845216
1,4257,0.15983891
1,4258,0.018974569
1,4259,0.2912569
1,4260,0.013111378
1,4261,0.020386513
1,4262,0.07421064
1,4263,0.13874325
1,4264,0.12209677
1,4265,0.064970545
1,4266,0.20034182
1,4267,0.15849423
1,4268,-0.003049259
1,4269,0.05021959
1,4270,0.12406903
1,4271,0.045868095
1,4272,0.16694984
1,4273,0.0045865728
1,4274,0.15759322
1,4275,0.12375479
1,4276,0.010983939
1,4277,0.077226005
1,4278,0.08617257
1,4279,0.14656496
1,4280,0.011673952
1,4281,0.13244206
1,4282,0.06935584
1,4283,0.06271928
1,4284,0.2195105
1,4285,0.12533176
1,4286,0.076804005
1,4287,0.027673122
1,4288,0.049199875
1,4289,0.10171529
1,4290,0.32449126
1,4291,0.08452075
1,4292,0.17515072
1,4293,0.11930715
1,4294,0.20590287
1,4295,0.2543502
1,4296,0.0292685
1,4297,0.06694736
1,4298,0.10559826
1,4299,0.0699802
1,4300,0.011948909
1,4301,0.12136423
1,4302,0.1449157
1,4303,-0.0028193044
1,4304,0.13012129
1,4305,0.020119097
1,4306,0.034590837
1,4307,0.00064169895
1,4308,0.06702303
1,4309,0.04467797
1,4310,-0.0015527057
1,4311,0.22650093
1,4312,0.04159322
1,4313,0.024002846
1,4314,0.31759208
1,4315,0.018280592
1,4316,0.0045827283
1,4317,0.012520666
1,4318,0.15221077
1,4319,0.116636865
1,4320,0.09499314
1,4321,0.20468038
1,4322,0.0157209
1,4323,0.0813693
1,4324,0.10298943
1,4325,0.015117283
1,4326,0.122102104
1,4327,0.17558843
1,4328,0.18330002
1,4329,0.15092385
1,4330,0.10663565
1,4331,0.062359687
1,4332,0.11469131
1,4333,0.050306525
1,4334,0.18248355
1,4335,0.07315754
1,4336,-0.003969048
1,4337,0.12672237
1,4338,0.018946644
1,4339,0.055483904
1,4340,0.05028468
1,4341,0.08157509
1,4342,0.33665997
1,4343,0.16178823
1,4344,0.14306417
1,4345,0.05627167
1,4346,0.097814284
1,4347,0.10803913
1,4348,0.30388403
1,4349,0.27375585
1,4350,0.1858809
1,4351,0.024779793
1,4352,0.0023836447
1,4353,0.06739005
1,4354,0.037714954
1,4355,0.10197621
1,4356,0.032148656
1,4357,0.025973137
1,4358,0.109682165
1,4359,0.020916875
1,4360,0.13984218
1,4361,0.16971442
1,4362,0.06684258
1,4363,0.06709819
1,4364,0.072237484
1,4365,0.026050504
1,4366,0.031727698
1,4367,0.13857684
1,4368,0.004125531
1,4369,0.022320624
1,4370,0.15152445
1,4371,0.016062375
1,4372,0.0004690243
1,4373,0.18773049
1,4374,0.097550265
1,4375,0.010906572
1,4376,0.21398449
1,4377,0.08838033
1,4378,0.05142438
1,4379,0.09185999
1,4380,0.05897021
1,4381,0.23058277
1,4382,0.13747293
1,4383,0.040648516
1,4384,0.24327078
1,4385,0.0104221655
1,4386,0.08190345
1,4387,0.1196207
1,4388,0.03758615
1,4389,0.038325813
1,4390,0.17246446
1,4391,0.019464072
1,4392,0.045011338
1,4393,0.11713242
1,4394,0.0697925
1,4395,0.19335732
1,4396,0.26088682
1,4397,0.037535544
1,4398,0.1561094
1,4399,0.118236415
1,4400,0.055183884
1,4401,0.10963627
1,4402,0.1662887
1,4403,-0.0017584609
1,4404,0.25527596
1,4405,0.07758462
1,4406,0.002880211
1,4407,0.004952426
1,4408,0.104553096
1,4409,0.033568855
1,4410,0.055508908
1,4411,0.044224437
1,4412,0.18344527
1,4413,0.16959226
1,4414,0.08206149
1,4415,0.12407725
1,4416,0.057568308
1,4417,0.044232246
1,4418,0.10289561
1,4419,0.18038124
1,4420,0.10688429
1,4421,0.08754747
1,4422,0.051552292
1,4423,0.01521724
1,4424,0.11373081
1,4425,0.04816624
1,4426,0.0974397
1,4427,0.09547188
1,4428,-0.002364223
1,4429,0.29594827
1,4430,0.009361739
1,4431,0.0018628193
1,4432,0.041393336
1,4433,0.07563945
1,4434,0.066259675
1,4435,0.000619526
1,4436,0.041010257
1,4437,0.052334722
1,4438,0.06426268
1,4439,0.0674836
1,4440,0.14028281
1,4441,0.02912676
1,4442,0.09135201
1,4443,0.11643281
1,4444,0.13581866
1,4445,0.04452705
1,4446,0.01987299
1,4447,0.2711143
1,4448,0.010255869
1,4449,0.1135264
1,4450,0.034235235
1,4451,0.017766174
1,4452,0.034007307
1,4453,0.1571478
1,4454,0.018189903
1,4455,0.007807727
1,4456,0.026222404
1,4457,0.08386072
1,4458,0.0362004
1,4459,0.14179498
1,4460,0.13979596
1,4461,0.0004280759
1,4462,0.0139046265
1,4463,0.05697524
1,4464,0.10703685
1,4465,0.17841756
1,4466,0.022344615
1,4467,0.06532531
1,4468,0.07910126
1,4469,0.08934682
1,4470,0.07422652
1,4471,0.13095808
1,4472,0.07018726
1,4473,0.021656927
1,4474,0.15102214
1,4475,0.029865053
1,4476,0.111382715
1,4477,0.016887065
1,4478,0.08969822
1,4479,0.04841345
1,4480,0.040821668
1,4481,0.058028635
1,4482,0.03122377
1,4483,0.02474558
1,4484,0.017076936
1,4485,0.12868565
1,4486,0.11269166
1,4487,0.096289806
1,4488,0.096365504
1,4489,0.16764003
1,4490,0.06428539
1,4491,0.0740725
1,4492,0.055792984
1,4493,0.17092061
1,4494,0.010690684
1,4495,0.0048410846
1,4496,-0.0001327442
1,4497,0.11933517
1,4498,0.09216898
1,4499,0.100554876
1,4500,0.0343371
1,4501,0.06895142
1,4502,0.23237917
1,4503,0.007664795
1,4504,0.056130644
1,4505,0.18058881
1,4506,0.018102106
1,4507,0.16478741
1,4508,0.11818134
1,4509,0.15044168
1,4510,0.15715694
1,4511,0.06478184
1,4512,0.125741
1,4513,0.23492914
1,4514,0.11867296
1,4515,0.033713456
1,4516,0.1306718
1,4517,0.04429334
1,4518,0.0014002873
1,4519,0.06102201
1,4520,0.025191095
1,4521,0.17119744
1,4522,0.19295448
1,4523,0.08692812
1,4524,0.20846885
1,4525,0.07416349
1,4526,0.21413314
1,4527,0.01608878
1,4528,0.043894257
1,4529,0.10543456
1,4530,0.040787186
1,4531,0.20812863
1,4532,0.16722673
1,4533,0.11242088
1,4534,0.03505462
1,4535,0.17538798
1,4536,0.065360956
1,4537,0.05266362
1,4538,0.078961246
1,4539,0.103325
1,4540,0.028646346
1,4541,0.20274955
1,4542,0.032513138
1,4543,0.13215211
1,4544,0.08318662
1,4545,0.07296055
1,4546,0.029942568
1,4547,0.005303557
1,4548,0.03137761
1,4549,0.0622732
1,4550,0.0036369516
1,4551,0.015705641
1,4552,0.11676472
1,4553,0.04266655
1,4554,0.066102915
1,4555,0.0056942655
1,4556,0.013773437
1,4557,0.08997171
1,4558,0.13684073
1,4559,0.01081502
1,4560,0.057669397
1,4561,0.00096266996
1,4562,0.007619436
1,4563,0.0929408
1,4564,0.004103954
1,4565,0.108877115
1,4566,0.002196665
1,4567,0.005376811
1,4568,0.03590655
1,4569,0.13623458
1,4570,0.03758272
1,4571,0.09529366
1,4572,0.08154037
1,4573,0.06537794
1,4574,0.22943577
1,4575,0.09478291
1,4576,0.0034578992
1,4577,-0.0026274668
1,4578,0.08325183
1,4579,0.20453766
1,4580,0.11049359
1,4581,-0.004108553
1,4582,0.026709434
1,4583,-0.00429893
1,4584,0.12548184
1,4585,-0.0041962313
1,4586,0.021512505
1,4587,-0.00095963944
1,4588,0.18155426
1,4589,0.054758545
1,4590,0.06806093
1,4591,-0.0022899555
1,4592,0.020625796
1,4593,0.1434136
1,4594,0.07156821
1,4595,0.08300354
1,4596,0.053695764
1,4597,0.084540926
1,4598,0.032367524
1,4599,0.07596355
1,4600,0.09993177
1,4601,-0.00074175466
1,4602,0.10150688
1,4603,0.12782651
1,4604,0.0067934943
1,4605,0.16195095
1,4606,0.16097328
1,4607,0.010772045
1,4608,0.050758954
1,4609,0.043202873
1,4610,0.20722967
1,4611,0.17849243
1,4612,0.20380962
1,4613,0.056469675
1,4614,0.016677078
1,4615,0.16558945
1,4616,0.087259226
1,4617,0.1377261
1,4618,0.09498244
1,4619,0.26173446
1,4620,0.03517657
1,4621,0.015631136
1,4622,0.029181626
1,4623,0.16933739
1,4624,0.03221714
1,4625,0.04938483
1,4626,0.037539806
1,4627,0.07688122
1,4628,0.14448366
1,4629,0.07290649
1,4630,0.22347671
1,4631,0.15296748
1,4632,0.020654198
1,4633,0.19042695
1,4634,0.056890484
1,4635,0.005131061
1,4636,0.048509832
1,4637,0.08609819
1,4638,0.18945569
1,4639,0.024174538
1,4640,0.012544329
1,4641,0.18372816
1,4642,0.13894475
1,4643,0.15954232
1,4644,0.0023016883
1,4645,0.014935131
1,4646,0.10954385
1,4647,0.043698248
1,4648,0.25300765
1,4649,0.11615386
1,4650,0.06343364
1,4651,0.02208775
1,4652,0.0015056087
1,4653,0.022438344
1,4654,0.06536051
1,4655,0.07584115
1,4656,0.007691796
1,4657,0.17483187
1,4658,0.1970745
1,4659,0.15509796
1,4660,0.011052157
1,4661,0.0975885
1,4662,0.01968002
1,4663,0.117907755
1,4664,0.06719076
1,4665,0.11431559
1,4666,0.074049465
1,4667,0.12090977
1,4668,0.21471304
1,4669,0.13124871
1,4670,0.035260823
1,4671,-0.003516321
1,4672,0.2532118
1,4673,0.046154197
1,4674,0.08704602
1,4675,0.07770916
1,4676,0.035642143
1,4677,0.15731442
1,4678,0.0036178483
1,4679,0.32582211
1,4680,0.03609776
1,4681,0.15554184
1,4682,0.03216585
1,4683,0.1778956
1,4684,0.08525961
1,4685,0.17787033
1,4686,0.075320296
1,4687,0.12805927
1,4688,0.21651307
1,4689,0.14828175
1,4690,0.09412079
1,4691,0.015369828
1,4692,0.13144812
1,4693,0.124545984
1,4694,0.026347872
1,4695,0.15187827
1,4696,0.042245623
1,4697,0.080417834
1,4698,0.11124318
1,4699,0.00845104
1,4700,0.17477411
1,4701,0.02394348
1,4702,0.0018614186
1,4703,0.20864743
1,4704,0.08187234
1,4705,0.061521944
1,4706,0.056966122
1,4707,0.0568217
1,4708,0.058405396
1,4709,0.04555654
1,4710,0.07213908
1,4711,0.037722226
1,4712,0.28855854
1,4713,0.031878944
1,4714,0.10073846
1,4715,0.045474585
1,4716,0.0077432347
1,4717,0.006247784
1,4718,0.07245653
1,4719,0.10129779
1,4720,-0.0036566006
1,4721,0.04203185
1,4722,0.024334159
1,4723,0.046189245
1,4724,0.037126895
1,4725,0.1656596
1,4726,0.062051233
1,4727,0.020591613
1,4728,0.027646836
1,4729,0.04411232
1,4730,0.046192225
1,4731,0.31845605
1,4732,0.13143179
1,4733,0.04774871
1,4734,0.17908052
1,4735,0.027533617
1,4736,0.14207786
1,4737,0.08033221
1,4738,0.02029806
1,4739,0.14037576
1,4740,0.038913306
1,4741,0.012176241
1,4742,0.014893706
1,4743,0.10745158
1,4744,0.013651426
1,4745,0.10778045
1,4746,0.018095251
1,4747,0.0074154986
1,4748,0.10019662
1,4749,0.08794444
1,4750,0.00046610367
1,4751,0.021081444
1,4752,0.014042045
1,4753,0.03951722
1,4754,0.028522994
1,4755,0.15983206
1,4756,0.011859889
1,4757,0.056546565
1,4758,0.10664647
1,4759,0.053122576
1,4760,0.1312406
1,4761,0.07147347
1,4762,0.14012897
1,4763,0.20091194
1,4764,-0.0046193944
1,4765,0.1839968
1,4766,0.089733355
1,4767,0.08264064
1,4768,0.14154926
1,4769,0.04481181
1,4770,0.0134380115
1,4771,0.13132146
1,4772,0.045553472
1,4773,-0.0049717473
1,4774,0.07897376
1,4775,0.014005001
1,4776,0.039341416
1,4777,0.1654318
1,4778,0.010222609
1,4779,0.14566582
1,4780,0.0011777235
1,4781,0.024060424
1,4782,0.055752482
1,4783,0.053043183
1,4784,0.09926119
1,4785,-0.002421354
1,4786,0.025736269
1,4787,0.013907756
1,4788,0.046915557
1,4789,0.05025142
1,4790,0.18401384
1,4791,0.14388204
1,4792,0.23934591
1,4793,0.031244215
1,4794,0.07559868
1,4795,0.027820464
1,4796,0.12124618
1,4797,0.07637679
1,4798,0.0413143
1,4799,0.16175571
1,4800,0.14262703
1,4801,0.07356834
1,4802,0.02212369
1,4803,0.042110857
1,4804,0.092039995
1,4805,0.022863861
1,4806,0.051259514
1,4807,0.011990751
1,4808,0.2700464
1,4809,0.13242179
1,4810,0.014678891
1,4811,0.0024304343
1,4812,0.22028005
1,4813,0.02305394
1,4814,0.11719286
1,4815,0.07957392
1,4816,0.020256009
1,4817,0.09515541
1,4818,0.00034397375
1,4819,0.0040898276
1,4820,0.012155469
1,4821,0.20904058
1,4822,0.16240862
1,4823,0.095658
1,4824,0.09945237
1,4825,-0.0036729025
1,4826,0.075358056
1,4827,0.105836086
1,4828,0.12574273
1,4829,0.11422961
1,4830,0.1613608
1,4831,-0.001298313
1,4832,0.34072304
1,4833,0.16458678
1,4834,0.125078
1,4835,0.18883175
1,4836,0.02294534
1,4837,0.022153791
1,4838,0.04711872
1,4839,0.008463825
1,4840,0.06912284
1,4841,0.057006415
1,4842,0.1350388
1,4843,0.05758309
1,4844,0.22967094
1,4845,0.0067011965
1,4846,0.107046
1,4847,0.07418429
1,4848,0.15782115
1,4849,0.054489043
1,4850,0.15167546
1,4851,0.1746226
1,4852,0.041835483
1,4853,-0.0005532848
1,4854,0.047378268
1,4855,0.004749651
1,4856,0.015107806
1,4857,0.08371522
1,4858,0.07677578
1,4859,-0.003782426
1,4860,0.07861679
1,4861,0.042400774
1,4862,0.0160948
1,4863,0.14273483
1,4864,0.19124684
1,4865,0.05332994
1,4866,0.0513432
1,4867,0.16378698
1,4868,0.230582
1,4869,0.012142892
1,4870,0.117689125
1,4871,0.089498185
1,4872,0.017839935
1,4873,0.10622399
1,4874,-0.0014256584
1,4875,0.27388343
1,4876,0.13882938
1,4877,-0.002178018
1,4878,0.11299651
1,4879,0.1368992
1,4880,0.14507803
1,4881,0.02114522
1,4882,0.066549234
1,4883,0.030415382
1,4884,0.13741529
1,4885,0.32673123
1,4886,0.08143564
1,4887,0.31130278
1,4888,0.22365868
1,4889,0.10349613
1,4890,0.10234787
1,4891,0.10811763
1,4892,0.10956349
1,4893,0.104102306
1,4894,0.055989917
1,4895,0.028016623
1,4896,0.22617465
1,4897,0.18626815
1,4898,0.04011899
1,4899,0.092766546
1,4900,0.10844826
1,4901,0.14354807
1,4902,0.073063456
1,4903,0.17262736
1,4904,0.004977639
1,4905,0.042555805
1,4906,0.00076633226
1,4907,0.09640118
1,4908,0.22967708
1,4909,0.08046495
1,4910,0.009064342
1,4911,0.17633992
1,4912,0.072149746
1,4913,0.071925394
1,4914,0.22412771
1,4915,0.003254558
1,4916,0.027531859
1,4917,0.029030945
1,4918,0.19004989
1,4919,0.036931213
1,4920,0.06569027
1,4921,0.01905876
1,4922,0.21918046
1,4923,0.24685842
1,4924,0.021836903
1,4925,0.0004153205
1,4926,0.06709155
1,4927,0.21958053
1,4928,0.043311354
1,4929,0.0030526174
1,4930,0.10243433
1,4931,0.22281101
1,4932,0.06814336
1,4933,0.00070827734
1,4934,0.17953059
1,4935,0.05809885
1,4936,0.29217362
1,4937,0.02087253
1,4938,0.06475704
1,4939,0.046129163
1,4940,0.055660184
1,4941,0.10927238
1,4942,0.09943613
1,4943,0.063482575
1,4944,0.041504916
1,4945,0.019093212
1,4946,-0.0031224536
1,4947,0.03679472
1,4948,0.112848036
1,4949,0.20607603
1,4950,0.080363385
1,4951,0.26484883
1,4952,0.06861221
1,4953,0.05931246
1,4954,0.07216542
1,4955,0.164902
1,4956,0.04035085
1,4957,0.05436745
1,4958,0.21119934
1,4959,0.017936941
1,4960,0.18137181
1,4961,0.022715624
1,4962,0.18215445
1,4963,0.04873037
1,4964,0.13685983
1,4965,0.08040931
1,4966,0.062540464
1,4967,0.40142217
1,4968,0.2283619
1,4969,0.1684426
1,4970,0.049673494
1,4971,0.03540891
1,4972,0.15349
1,4973,0.03366187
1,4974,-0.003948693
1,4975,0.0628249
1,4976,0.024250146
1,4977,0.050995138
1,4978,0.07092961
1,4979,0.08139279
1,4980,0.03188544
1,4981,0.025743004
1,4982,0.092873715
1,4983,0.17051753
1,4984,0.00043424498
1,4985,0.19320604
1,4986,0.073582016
1,4987,0.076052
1,4988,0.07433205
1,4989,0.100959025
1,4990,0.022657808
1,4991,0.059265967
1,4992,0.15562183
1,4993,0.26251638
1,4994,0.19247437
1,4995,0.08314123
1,4996,0.0377323
1,4997,0.008173342
1,4998,0.014390762
1,4999,0.118859105
1,5000,0.124348484
1,5001,0.019197907
1,5002,0.15734208
1,5003,0.09726762
1,5004,0.06300586
1,5005,0.09554123
1,5006,-0.0006419467
1,5007,0.19962415
1,5008,0.009825225
1,5009,0.20505524
1,5010,0.12625158
1,5011,0.06309383
1,5012,0.03037816
1,5013,0.09331026
1,5014,0.011352952
1,5015,0.031009998
1,5016,0.1012814
1,5017,0.10746112
1,5018,0.087459795
1,5019,-0.0046944367
1,5020,-0.0016084956
1,5021,0.24630535
1,5022,0.08086117
1,5023,0.18437618
1,5024,0.037950303
1,5025,0.35381046
1,5026,0.21946007
1,5027,0.01609173
1,5028,0.12824804
1,5029,0.5436199
1,5030,0.1445257
1,5031,0.047165867
1,5032,0.04521906
1,5033,0.0751655
1,5034,0.19732088
1,5035,0.025258418
1,5036,0.04556751
1,5037,0.10478627
1,5038,0.09372281
1,5039,0.12927169
1,5040,-0.0038143145
1,5041,0.016503062
1,5042,0.19316188
1,5043,0.07104378
1,5044,0.022644158
1,5045,0.22953463
1,5046,0.052714255
1,5047,0.0021291925
1,5048,0.059567746
1,5049,0.32159215
1,5050,0.0672616
1,5051,0.1312285
1,5052,0.0028974665
1,5053,0.29009783
1,5054,0.0398986
1,5055,0.1663259
1,5056,0.1456846
1,5057,0.13441962
1,5058,0.17243016
1,5059,0.1460594
1,5060,0.11272388
1,5061,0.14600879
1,5062,0.19424474
1,5063,0.03300714
1,5064,0.06122976
1,5065,0.11596485
1,5066,0.2316831
1,5067,0.063224904
1,5068,-0.00093132723
1,5069,0.01697525
1,5070,0.1158581
1,5071,0.093613915
1,5072,0.20807245
1,5073,0.030885693
1,5074,0.07171314
1,5075,0.1995328
1,5076,0.15355495
1,5077,0.026131537
1,5078,0.22216314
1,5079,0.09639608
1,5080,0.049947795
1,5081,0.23744252
1,5082,0.1535675
1,5083,0.26475847
1,5084,0.0694009
1,5085,0.1461069
1,5086,0.18211582
1,5087,0.077521674
1,5088,0.06280439
1,5089,0.043651816
1,5090,0.11008056
1,5091,0.15575624
1,5092,0.049905654
1,5093,0.1513831
1,5094,0.0054479493
1,5095,0.07977336
1,5096,0.16033769
1,5097,0.02553999
1,5098,0.1081981
1,5099,0.1021974
1,5100,0.07664003
1,5101,0.047861423
1,5102,0.12934032
1,5103,-0.00039899815
1,5104,0.21694472
1,5105,0.015235717
1,5106,0.014679785
1,5107,0.11100959
1,5108,0.24491435
1,5109,0.032010492
1,5110,0.059807535
1,5111,0.13885117
1,5112,0.2701789
1,5113,0.006270225
1,5114,0.01819485
1,5115,0.16831475
1,5116,0.05956697
1,5117,0.09331437
1,5118,0.17281067
1,5119,0.087922834
1,5120,0.3683437
1,5121,-0.0023268806
1,5122,0.105251275
1,5123,0.07242351
1,5124,0.35055292
1,5125,0.0071163727
1,5126,0.016452279
1,5127,0.09485807
1,5128,0.047731515
1,5129,0.022612747
1,5130,0.013514097
1,5131,0.17195234
1,5132,0.050632473
1,5133,0.024483081
1,5134,0.013429697
1,5135,0.30448782
1,5136,0.14273
1,5137,0.23236734
1,5138,0.07800945
1,5139,0.020468798
1,5140,0.0791496
1,5141,0.03776714
1,5142,0.16607958
1,5143,-0.0013264464
1,5144,0.25087717
1,5145,0.14078897
1,5146,0.15534478
1,5147,0.14726615
1,5148,0.017798897
1,5149,0.064406835
1,5150,0.26098272
1,5151,0.0942358
1,5152,0.024531212
1,5153,0.20761922
1,5154,0.07669409
1,5155,0.07778602
1,5156,0.12857762
1,5157,0.093633555
1,5158,0.040184554
1,5159,0.08483588
1,5160,0.13445807
1,5161,-0.0031597065
1,5162,0.023439642
1,5163,0.10056024
1,5164,0.12326535
1,5165,0.017823156
1,5166,0.009671862
1,5167,0.046635356
1,5168,0.095705085
1,5169,0.0013629152
1,5170,0.007147367
1,5171,0.09484618
1,5172,0.09920984
1,5173,0.09161445
1,5174,0.016985353
1,5175,0.04294556
1,5176,0.005892451
1,5177,0.20880985
1,5178,0.06241345
1,5179,0.079381905
1,5180,0.16768855
1,5181,0.014624233
1,5182,0.27603436
1,5183,0.23594251
1,5184,0.13316232
1,5185,-0.0015581297
1,5186,0.009698446
1,5187,0.13157967
1,5188,0.0128090335
1,5189,0.07225933
1,5190,0.038838264
1,5191,0.13934839
1,5192,0.0161325
1,5193,0.30852625
1,5194,0.051560696
1,5195,0.12446665
1,5196,0.06312146
1,5197,-0.00030041207
1,5198,0.35320702
1,5199,0.03523731
1,5200,0.0670675
1,5201,0.04249185
1,5202,0.08797287
1,5203,-0.0046537863
1,5204,0.101842694
1,5205,0.33908102
1,5206,0.078325264
1,5207,0.040001627
1,5208,0.09139349
1,5209,0.09755146
1,5210,0.03787851
1,5211,0.32599577
1,5212,0.08318292
1,5213,0.14903176
1,5214,0.11625021
1,5215,0.16561803
1,5216,0.18719298
1,5217,0.08212649
1,5218,0.087138854
1,5219,0.19471765
1,5220,0.08423548
1,5221,0.23204857
1,5222,0.04348823
1,5223,0.2226407
1,5224,0.11078768
1,5225,0.04327416
1,5226,0.08494141
1,5227,0.033765253
1,5228,0.1279155
1,5229,0.20575014
1,5230,0.06711017
1,5231,-0.00387079
1,5232,0.17526096
1,5233,0.076582454
1,5234,0.12173753
1,5235,0.087847106
1,5236,0.26388958
1,5237,0.10408717
1,5238,0.10295584
1,5239,0.1200416
1,5240,0.083699815
1,5241,0.061429497
1,5242,0.07053124
1,5243,0.11645242
1,5244,0.027440365
1,5245,0.1301893
1,5246,0.019148286
1,5247,0.2374402
1,5248,0.014822985
1,5249,0.122105055
1,5250,0.04773104
1,5251,0.11052924
1,5252,0.17685613
1,5253,0.033959147
1,5254,0.054734465
1,5255,0.15375218
1,5256,0.12295508
1,5257,0.22505474
1,5258,-0.0038913833
1,5259,0.14745611
1,5260,0.17833531
1,5261,0.15493941
1,5262,0.04731911
1,5263,0.095436625
1,5264,-0.0047622966
1,5265,0.10284319
1,5266,0.019072827
1,5267,0.04287767
1,5268,0.093858115
1,5269,0.18685864
1,5270,0.06926482
1,5271,0.11219513
1,5272,0.05876639
1,5273,0.005271609
1,5274,0.075151734
1,5275,0.15443033
1,5276,0.09511071
1,5277,0.010014708
1,5278,0.11766475
1,5279,0.08745866
1,5280,0.084235184
1,5281,0.134689
1,5282,0.1091414
1,5283,0.10507839
1,5284,0.07837366
1,5285,0.034622874
1,5286,0.213063
1,5287,0.037804868
1,5288,0.25257534
1,5289,0.10050016
1,5290,0.018927213
1,5291,0.035001036
1,5292,0.05288106
1,5293,0.11799478
1,5294,0.23071268
1,5295,0.1834392
1,5296,0.14282247
1,5297,0.15078878
1,5298,0.13393554
1,5299,0.027577098
1,5300,-0.0037377225
1,5301,0.124940686
1,5302,0.07305842
1,5303,0.16128683
1,5304,0.23534977
1,5305,0.06730225
1,5306,0.07666861
1,5307,0.1392209
1,5308,0.22603136
1,5309,0.07032662
1,5310,0.108765356
1,5311,0.015057708
1,5312,0.22427043
1,5313,0.0547865
1,5314,0.05975431
1,5315,0.06707304
1,5316,0.09288543
1,5317,0.13605228
1,5318,0.12331032
1,5319,0.05238002
1,5320,0.018289503
1,5321,0.18420863
1,5322,0.12974083
1,5323,0.025208976
1,5324,0.060965713
1,5325,0.12644702
1,5326,0.019080844
1,5327,0.051420953
1,5328,0.25558358
1,5329,0.058352586
1,5330,0.07439583
1,5331,0.06402444
1,5332,0.3427849
1,5333,-0.0043678926
1,5334,0.20265025
1,5335,0.009846325
1,5336,0.029816445
1,5337,0.25177288
1,5338,0.038459178
1,5339,0.009864534
1,5340,0.08365344
1,5341,0.078754745
1,5342,0.110644214
1,5343,0.1665163
1,5344,0.18382972
1,5345,0.41833913
1,5346,0.2515468
1,5347,0.07744642
1,5348,0.0617668
1,5349,0.09380301
1,5350,-0.0043845223
1,5351,0.06042486
1,5352,0.0972461
1,5353,0.3795886
1,5354,0.07745897
1,5355,0.14135873
1,5356,0.3322068
1,5357,-0.00062767137
1,5358,0.1314829
1,5359,0.25204977
1,5360,0.09571057
1,5361,0.04366907
1,5362,-0.0021849321
1,5363,0.05318361
1,5364,0.25725824
1,5365,0.078836255
1,5366,0.06675025
1,5367,0.008956368
1,5368,0.08568471
1,5369,0.33195668
1,5370,0.15685415
1,5371,0.03975376
1,5372,0.3734812
1,5373,0.11800965
1,5374,0.211019
1,5375,0.08215683
1,5376,0.08066019
1,5377,0.123407386
1,5378,0.19367772
1,5379,0.003089334
1,5380,0.012241448
1,5381,0.018134799
1,5382,0.122953646
1,5383,0.13068825
1,5384,0.014083262
1,5385,0.3293316
1,5386,0.25396502
1,5387,0.050043818
1,5388,0.12297102
1,5389,0.11565726
1,5390,0.1411759
1,5391,0.026505109
1,5392,0.09813597
1,5393,0.038444337
1,5394,0.025784578
1,5395,0.19773698
1,5396,0.11329704
1,5397,0.37085462
1,5398,0.21402729
1,5399,0.11989986
1,5400,0.13147259
1,5401,0.045692023
1,5402,0.026648965
1,5403,0.0060791923
1,5404,0.2814782
1,5405,0.086757414
1,5406,0.18218094
1,5407,0.24186435
1,5408,0.18318689
1,5409,0.20597598
1,5410,0.022769
1,5411,0.04167336
1,5412,0.05797043
1,5413,0.004744048
1,5414,0.039507624
1,5415,0.20311925
1,5416,0.021184321
1,5417,0.040335532
1,5418,0.13326514
1,5419,0.0074729575
1,5420,0.039415207
1,5421,0.121595494
1,5422,0.11873003
1,5423,0.041064378
1,5424,0.18752682
1,5425,0.31728372
1,5426,0.16770163
1,5427,0.0036666347
1,5428,0.006041969
1,5429,0.25552678
1,5430,0.3467759
1,5431,0.09685003
1,5432,0.034467723
1,5433,0.043927994
1,5434,0.057188418
1,5435,0.07852649
1,5436,0.2002236
1,5437,0.14337596
1,5438,0.039227184
1,5439,0.108963005
1,5440,0.058079507
1,5441,0.005643691
1,5442,0.20475876
1,5443,0.25405213
1,5444,0.052528318
1,5445,0.29249868
1,5446,0.1963728
1,5447,0.13712186
1,5448,0.07935988
1,5449,0.10614651
1,5450,0.29001138
1,5451,0.07557272
1,5452,0.16417623
1,5453,0.18854016
1,5454,0.056795176
1,5455,-0.0017087506
1,5456,0.18403515
1,5457,0.07906323
1,5458,0.16275647
1,5459,0.21963122
1,5460,0.097787194
1,5461,0.033793416
1,5462,0.048263784
1,5463,0.038209077
1,5464,0.079609655
1,5465,0.23317409
1,5466,0.20593381
1,5467,0.007866944
1,5468,0.08925568
1,5469,0.032430407
1,5470,0.04056662
1,5471,0.029662933
1,5472,0.08761882
1,5473,-0.0032858895
1,5474,0.1501776
1,5475,0.032207932
1,5476,0.22347629
1,5477,0.00076084863
1,5478,0.11286261
1,5479,0.007838245
1,5480,0.06984293
1,5481,0.12706286
1,5482,0.2903837
1,5483,0.07213744
1,5484,0.05690452
1,5485,0.13665944
1,5486,0.0014225496
1,5487,-0.0015119361
1,5488,0.06680723
1,5489,0.03822967
1,5490,0.1842927
1,5491,0.35799757
1,5492,0.1705316
1,5493,0.09152954
1,5494,0.10413765
1,5495,0.036571737
1,5496,0.016826924
1,5497,0.077027015
1,5498,0.06587031
1,5499,0.19407386
1,5500,0.035848614
1,5501,0.07673287
1,5502,0.05350825
1,5503,0.19164652
1,5504,0.08610379
1,5505,0.2340295
1,5506,0.074224286
1,5507,0.2364117
1,5508,0.017665323
1,5509,0.23257113
1,5510,0.1276514
1,5511,0.082057886
1,5512,0.0029553128
1,5513,0.08767461
1,5514,0.080233745
1,5515,0.1820302
1,5516,0.055034515
1,5517,0.18262029
1,5518,0.25283065
1,5519,0.025519129
1,5520,0.13163906
1,5521,0.09028944
1,5522,0.08624818
1,5523,0.22003701
1,5524,0.08812808
1,5525,0.2820727
1,5526,0.030608978
1,5527,0.24098626
1,5528,0.053774234
1,5529,0.37214476
1,5530,0.09066262
1,5531,0.16465238
1,5532,0.089041166
1,5533,0.24896246
1,5534,0.021743502
1,5535,0.06017175
1,5536,0.024544146
1,5537,0.26701146
1,5538,0.04692241
1,5539,0.11612996
1,5540,0.075005285
1,5541,0.01758423
1,5542,0.060205545
1,5543,0.106841646
1,5544,0.09451982
1,5545,0.022200521
1,5546,0.09543913
1,5547,0.18118843
1,5548,0.05133372
1,5549,0.26998213
1,5550,0.023056623
1,5551,0.027708765
1,5552,-0.0043133246
1,5553,0.07579156
1,5554,0.114013605
1,5555,0.009572561
1,5556,0.0026141359
1,5557,0.23886472
1,5558,0.12339326
1,5559,0.07600399
1,5560,0.07368209
1,5561,0.07598924
1,5562,0.020547029
1,5563,0.044194456
1,5564,0.11770617
1,5565,0.21076629
1,5566,-0.003966932
1,5567,0.23366278
1,5568,0.37859333
1,5569,0.055830237
1,5570,0.20349208
1,5571,0.10464194
1,5572,0.13774934
1,5573,0.06060415
1,5574,0.13294971
1,5575,0.027627464
1,5576,0.046508487
1,5577,0.040959712
1,5578,0.08343994
1,5579,0.07217225
1,5580,0.19519264
1,5581,0.011830951
1,5582,0.08658349
1,5583,0.16247118
1,5584,0.15377611
1,5585,0.18346643
1,5586,0.04777616
1,5587,0.16853443
1,5588,0.14665443
1,5589,0.14951661
1,5590,0.12540096
1,5591,0.31350464
1,5592,0.18521416
1,5593,0.11170601
1,5594,0.060890164
1,5595,0.123112254
1,5596,0.05301213
1,5597,0.14399153
1,5598,0.05746534
1,5599,0.057395037
1,5600,0.0051156236
1,5601,0.042277213
1,5602,0.029572304
1,5603,0.044269737
1,5604,0.047858443
1,5605,0.1112942
1,5606,0.11153733
1,5607,0.21148491
1,5608,0.030274566
1,5609,0.058792587
1,5610,0.07143348
1,5611,0.04245239
1,5612,0.26412344
1,5613,0.109576724
1,5614,0.12690738
1,5615,0.19464594
1,5616,0.101049446
1,5617,0.23882934
1,5618,0.08849823
1,5619,0.19923934
1,5620,0.23871028
1,5621,0.20739138
1,5622,0.027415808
1,5623,0.17463088
1,5624,0.06357875
1,5625,0.09246119
1,5626,0.2336142
1,5627,0.12558419
1,5628,0.011665816
1,5629,0.20000267
1,5630,0.07240441
1,5631,0.3121006
1,5632,0.04931056
1,5633,0.1138882
1,5634,0.0008091284
1,5635,0.13615054
1,5636,-0.0046263086
1,5637,0.30629113
1,5638,0.19524857
1,5639,0.040261265
1,5640,0.12414422
1,5641,0.024890926
1,5642,0.05017891
1,5643,0.07961508
1,5644,0.023606535
1,5645,0.0615465
1,5646,0.13091701
1,5647,0.020078357
1,5648,0.11449825
1,5649,0.051905897
1,5650,0.04279643
1,5651,0.03832766
1,5652,0.05903202
1,5653,0.009727652
1,5654,0.17867556
1,5655,0.0065849973
1,5656,0.12086677
1,5657,0.14766318
1,5658,0.32907945
1,5659,0.070578866
1,5660,0.0029808236
1,5661,0.10095798
1,5662,0.11466216
1,5663,0.20602795
1,5664,0.26502228
1,5665,0.18307287
1,5666,0.019474026
1,5667,0.10453778
1,5668,0.18284637
1,5669,0.18975416
1,5670,0.17066202
1,5671,0.06893327
1,5672,0.03830361
1,5673,0.22864017
1,5674,0.04354095
1,5675,0.12390333
1,5676,0.21709529
1,5677,0.032363053
1,5678,0.07756918
1,5679,0.17401898
1,5680,0.028213527
1,5681,0.22857654
1,5682,0.11003628
1,5683,0.2791095
1,5684,0.14023021
1,5685,0.0050385846
1,5686,0.015717145
1,5687,0.24332157
1,5688,0.019105997
1,5689,0.006227608
1,5690,0.016647603
1,5691,0.18726775
1,5692,0.07725041
1,5693,0.12491798
1,5694,0.19445324
1,5695,0.06172466
1,5696,0.11757668
1,5697,0.017362054
1,5698,0.060848113
1,5699,0.18464223
1,5700,0.06610518
1,5701,0.23245597
1,5702,0.12245198
1,5703,0.033620115
1,5704,0.006467576
1,5705,0.043274876
1,5706,0.15669307
1,5707,0.059226807
1,5708,0.14938742
1,5709,0.25922653
1,5710,0.12217399
1,5711,0.2266297
1,5712,0.07731529
1,5713,0.011932666
1,5714,0.007163818
1,5715,0.051396932
1,5716,0.088913016
1,5717,0.03926551
1,5718,0.16946411
1,5719,0.032171037
1,5720,0.080476694
1,5721,0.03906166
1,5722,0.04343831
1,5723,0.0077820076
1,5724,0.08255678
1,5725,0.013387407
1,5726,0.11922222
1,5727,0.0033836318
1,5728,0.31016386
1,5729,0.18022528
1,5730,0.076859854
1,5731,0.03238916
1,5732,0.04416522
1,5733,0.07520964
1,5734,0.14821482
1,5735,0.067574374
1,5736,0.046348806
1,5737,0.08203133
1,5738,0.081721716
1,5739,0.06706833
1,5740,0.14827672
1,5741,0.044738885
1,5742,0.12544915
1,5743,0.09425508
1,5744,0.13137364
1,5745,0.044857707
1,5746,0.32191092
1,5747,0.0753895
1,5748,0.103359394
1,5749,0.17019367
1,5750,0.08569818
1,5751,0.0024036122
1,5752,0.17387235
1,5753,0.16215014
1,5754,0.14113104
1,5755,0.19222528
1,5756,0.012807067
1,5757,0.12511832
1,5758,0.14417356
1,5759,0.08792191
1,5760,0.06252628
1,5761,0.017126497
1,5762,0.1249088
1,5763,0.19031215
1,5764,0.20559931
1,5765,0.062869005
1,5766,0.15132526
1,5767,0.04977375
1,5768,0.02707043
1,5769,0.24984252
1,5770,0.2043255
1,5771,0.055441972
1,5772,0.06545102
1,5773,0.15211052
1,5774,0.045594957
1,5775,0.25761518
1,5776,0.021636155
1,5777,0.15716249
1,5778,0.13537452
1,5779,0.01461124
1,5780,0.10390433
1,5781,0.05208638
1,5782,-0.0043371962
1,5783,0.15178168
1,5784,0.009735282
1,5785,0.01056623
1,5786,0.105628155
1,5787,0.0728107
1,5788,0.06910037
1,5789,0.010378475
1,5790,0.2675268
1,5791,0.06677746
1,5792,0.24151522
1,5793,-0.0045624124
1,5794,0.12886834
1,5795,0.027387258
1,5796,0.013706709
1,5797,0.008371587
1,5798,0.07200556
1,5799,0.092009895
1,5800,0.16983914
1,5801,0.16218188
1,5802,0.086454146
1,5803,0.063562445
1,5804,0.053251382
1,5805,0.07546573
1,5806,0.0005667163
1,5807,0.03894114
1,5808,0.09545254
1,5809,0.28410274
1,5810,0.03784832
1,5811,0.07976621
1,5812,0.1127099
1,5813,0.015151615
1,5814,0.11695301
1,5815,0.0882576
1,5816,0.096306615
1,5817,0.13868153
1,5818,0.12423565
1,5819,0.061617937
1,5820,0.013897355
1,5821,0.107066356
1,5822,0.068151735
1,5823,0.008880521
1,5824,0.17152235
1,5825,0.0825985
1,5826,0.19428867
1,5827,0.12207913
1,5828,0.033392962
1,5829,0.103597336
1,5830,0.16396043
1,5831,0.031110164
1,5832,0.015936669
1,5833,0.007978435
1,5834,0.12228828
1,5835,0.023785409
1,5836,0.014043088
1,5837,0.04811543
1,5838,0.014498766
1,5839,0.016537782
1,5840,0.18383867
1,5841,0.14727485
1,5842,0.14621067
1,5843,0.08557438
1,5844,0.025227096
1,5845,0.081717096
1,5846,0.0478363
1,5847,0.016675916
1,5848,0.04494786
1,5849,0.1542368
1,5850,0.02480876
1,5851,0.2876451
1,5852,0.17604661
1,5853,0.11979579
1,5854,0.030913528
1,5855,0.100784175
1,5856,0.1997059
1,5857,0.022225138
1,5858,0.091483586
1,5859,0.07631757
1,5860,-0.0026994096
1,5861,0.15663558
1,5862,0.03593373
1,5863,-0.0006317543
1,5864,0.16343942
1,5865,0.014780696
1,5866,0.071658306
1,5867,0.15283683
1,5868,0.09636294
1,5869,0.068729214
1,5870,0.12755477
1,5871,0.114411704
1,5872,0.06295606
1,5873,0.1776222
1,5874,0.059262272
1,5875,0.0548017
1,5876,0.14945024
1,5877,0.047395524
1,5878,0.052977677
1,5879,0.117466144
1,5880,0.18110272
1,5881,0.04119992
1,5882,0.011374648
1,5883,0.1224946
1,5884,0.0738269
1,5885,0.114945464
1,5886,0.045965996
1,5887,0.12420725
1,5888,0.03084251
1,5889,0.05961841
1,5890,0.17013025
1,5891,0.05172604
1,5892,0.10937398
1,5893,0.16154855
1,5894,0.045492645
1,5895,0.05398762
1,5896,0.034847256
1,5897,0.21167368
1,5898,0.050653096
1,5899,0.020988878
1,5900,0.040472414
1,5901,0.016482886
1,5902,0.17702103
1,5903,0.014264639
1,5904,-0.0016097175
1,5905,0.19459221
1,5906,0.06526189
1,5907,0.08047845
1,5908,0.015256937
1,5909,0.015443827
1,5910,0.15728322
1,5911,0.1202585
1,5912,0.11500662
1,5913,0.16598696
1,5914,0.06494146
1,5915,0.08916884
1,5916,0.04559129
1,5917,0.06363004
1,5918,0.0468789
1,5919,0.0019971682
1,5920,0.14868951
1,5921,0.11493044
1,5922,0.10464024
1,5923,0.010213251
1,5924,0.08005079
1,5925,0.012477691
1,5926,0.14786401
1,5927,0.01650935
1,5928,0.07591402
1,5929,0.020217236
1,5930,-0.0012742924
1,5931,0.25694752
1,5932,0.032284494
1,5933,0.06358402
1,5934,0.048569914
1,5935,0.0008349372
1,5936,0.031515475
1,5937,0.073971234
1,5938,0.2859535
1,5939,0.007559414
1,5940,0.1408869
1,5941,0.08385303
1,5942,0.075154714
1,5943,0.0833269
1,5944,0.03770199
1,5945,0.16234794
1,5946,0.13731533
1,5947,0.14206684
1,5948,0.09023803
1,5949,0.17162788
1,5950,0.08482831
1,5951,0.22246975
1,5952,0.07782339
1,5953,0.081715666
1,5954,0.0935392
1,5955,0.060756024
1,5956,0.16417366
1,5957,0.033124205
1,5958,0.056023117
1,5959,0.31502104
1,5960,0.11153408
1,5961,0.039376315
1,5962,0.23901138
1,5963,0.19531763
1,5964,0.17266792
1,5965,0.053842124
1,5966,0.059850212
1,5967,0.07148784
1,5968,0.10759386
1,5969,0.102551155
1,5970,0.19842684
1,5971,0.046276744
1,5972,0.002194996
1,5973,0.07700395
1,5974,0.026359465
1,5975,0.029251691
1,5976,0.07391148
1,5977,0.026123282
1,5978,0.04177421
1,5979,0.010850574
1,5980,0.16177377
1,5981,0.23400852
1,5982,0.16676489
1,5983,0.105682366
1,5984,0.18977594
1,5985,0.107045226
1,5986,0.14046276
1,5987,0.18721238
1,5988,0.18073255
1,5989,0.12288716
1,5990,0.042647716
1,5991,0.028330859
1,5992,0.01274627
1,5993,0.071807496
1,5994,0.011175449
1,5995,0.16643023
1,5996,0.13149437
1,5997,0.23012322
1,5998,0.051857587
1,5999,0.0056657447
1,6000,0.08837306
1,6001,0.23851538
1,6002,0.14624074
1,6003,0.014274056
1,6004,0.12993166
1,6005,0.16320819
1,6006,0.0805031
1,6007,0.1953246
1,6008,0.07359516
1,6009,0.10650047
1,6010,0.081842296
1,6011,0.0524795
1,6012,0.0044231964
1,6013,0.16650712
1,6014,0.19564074
1,6015,0.14029795
1,6016,0.0038726283
1,6017,0.05845475
1,6018,0.10755437
1,6019,0.021648195
1,6020,0.10702824
1,6021,0.10175704
1,6022,0.065022014
1,6023,0.009655173
1,6024,0.09435966
1,6025,0.39409417
1,6026,0.12161281
1,6027,0.036520388
1,6028,0.039023694
1,6029,0.018147644
1,6030,0.007890577
1,6031,0.0653724
1,6032,0.056534734
1,6033,0.10035931
1,6034,0.065104924
1,6035,0.0689761
1,6036,0.10670548
1,6037,0.04926243
1,6038,0.025193628
1,6039,0.03923052
1,6040,0.15726602
1,6041,0.016304608
1,6042,0.21215957
1,6043,0.07577365
1,6044,0.18914843
1,6045,0.31604964
1,6046,0.17902628
1,6047,0.054146018
1,6048,0.04337984
1,6049,0.006743784
1,6050,0.0061328067
1,6051,0.10813611
1,6052,0.14491391
1,6053,0.0074395193
1,6054,0.15883043
1,6055,0.21379673
1,6056,0.1112166
1,6057,0.17948744
1,6058,0.05907237
1,6059,0.05101296
1,6060,0.017310884
1,6061,0.06869727
1,6062,0.07382541
1,6063,0.047523197
1,6064,0.017035004
1,6065,0.19738203
1,6066,0.02323347
1,6067,0.04906943
1,6068,0.18744057
1,6069,0.09388124
1,6070,0.073781304
1,6071,0.21438071
1,6072,0.20214605
1,6073,0.15083456
1,6074,0.061696943
1,6075,0.023591157
1,6076,0.082035206
1,6077,0.09257778
1,6078,0.071147345
1,6079,0.001127298
1,6080,0.15549493
1,6081,0.06479984
1,6082,0.071278684
1,6083,0.093826704
1,6084,0.15908137
1,6085,0.092496715
1,6086,0.00594538
1,6087,0.05140161
1,6088,0.07797503
1,6089,0.08998682
1,6090,0.122314505
1,6091,0.041661438
1,6092,0.095352106
1,6093,0.053383466
1,6094,0.11100086
1,6095,0.052863356
1,6096,0.024075624
1,6097,0.03749546
1,6098,0.070352964
1,6099,0.03383487
1,6100,0.08843469
1,6101,0.047348376
1,6102,-0.0030870186
1,6103,0.12117838
1,6104,0.17533931
1,6105,0.111777954
1,6106,0.13785717
1,6107,0.083383344
1,6108,0.031197544
1,6109,0.018132385
1,6110,0.073646955
1,6111,0.060618218
1,6112,0.055576082
1,6113,0.15434203
1,6114,0.09486931
1,6115,0.17188478
1,6116,0.11093845
1,6117,0.055040266
1,6118,0.14009419
1,6119,0.14444566
1,6120,0.15466696
1,6121,0.29946756
1,6122,0.19680005
1,6123,0.026127484
1,6124,0.16897792
1,6125,0.17963988
1,6126,0.12174111
1,6127,-3.660191e-05
1,6128,0.074892335
1,6129,0.052621778
1,6130,0.22927773
1,6131,0.058631595
1,6132,0.022182044
1,6133,0.013218994
1,6134,-0.003555243
1,6135,0.025259491
1,6136,0.028642949
1,6137,0.020177599
1,6138,0.008227344
1,6139,0.19711924
1,6140,0.08138391
1,6141,0.05501705
1,6142,0.0798512
1,6143,0.021717723
1,6144,0.0051227165
1,6145,0.1637223
1,6146,0.04428914
1,6147,-0.0028484212
1,6148,0.1256653
1,6149,0.004037733
1,6150,0.060133513
1,6151,0.041470703
1,6152,0.014855201
1,6153,0.0018831743
1,6154,0.1909787
1,6155,0.25364816
1,6156,0.052428182
1,6157,0.14502251
1,6158,0.10985821
1,6159,0.088701956
1,6160,0.027940508
1,6161,0.014750655
1,6162,0.024423715
1,6163,0.0021019531
1,6164,0.014019187
1,6165,0.041508194
1,6166,-0.00071737636
1,6167,0.110306524
1,6168,0.14744443
1,6169,0.036197837
1,6170,0.03714436
1,6171,0.093716346
1,6172,0.10657763
1,6173,0.10186004
1,6174,0.010492857
1,6175,0.019671943
1,6176,0.11777257
1,6177,0.23000398
1,6178,0.0599212
1,6179,0.15165028
1,6180,0.16627961
1,6181,0.04500925
1,6182,0.0407446
1,6183,-0.0039047645
1,6184,0.21789435
1,6185,0.09527313
1,6186,0.1670967
1,6187,0.072662346
1,6188,0.21305674
1,6189,0.08472174
1,6190,0.07447248
1,6191,0.09519585
1,6192,0.277842
1,6193,0.12950751
1,6194,0.18218684
1,6195,0.04527789
1,6196,0.076229505
1,6197,0.035520013
1,6198,0.0036801947
1,6199,0.17363492
1,6200,0.026511785
1,6201,0.21290782
1,6202,0.21816015
1,6203,0.0415014
1,6204,0.030469533
1,6205,0.22177649
1,6206,0.050522145
1,6207,0.13672936
1,6208,0.03490525
1,6209,0.12991643
1,6210,0.35112405
1,6211,0.026653137
1,6212,0.02931371
1,6213,0.13068482
1,6214,0.008418198
1,6215,0.13770068
1,6216,0.18992499
1,6217,0.13307741
1,6218,0.08273884
1,6219,-0.00085476507
1,6220,0.09009554
1,6221,0.046083685
1,6222,0.15938991
1,6223,0.05355608
1,6224,0.0049079014
1,6225,-0.0033415603
1,6226,0.021611687
1,6227,0.121990435
1,6228,0.20213068
1,6229,0.0870214
1,6230,0.010320063
1,6231,0.036464985
1,6232,0.01190352
1,6233,0.025810298
1,6234,0.12930286
1,6235,0.1641325
1,6236,0.077259175
1,6237,0.21207318
1,6238,0.13310888
1,6239,0.12133994
1,6240,0.08425867
1,6241,0.022119578
1,6242,0.080838375
1,6243,0.035160836
1,6244,0.0017557694
1,6245,0.012871022
1,6246,0.00774395
1,6247,0.27608448
1,6248,0.06474831
1,6249,0.16534105
1,6250,0.10440069
1,6251,0.2118159
1,6252,0.13938978
1,6253,0.14847422
1,6254,0.16411257
1,6255,0.052531358
1,6256,0.009616311
1,6257,0.08471423
1,6258,0.04200491
1,6259,0.18019897
1,6260,0.1403515
1,6261,0.033066507
1,6262,0.109935574
1,6263,0.044170167
1,6264,0.19960642
1,6265,0.06817376
1,6266,0.22883886
1,6267,0.010069693
1,6268,0.13701203
1,6269,0.07992541
1,6270,0.088960014
1,6271,0.10534739
1,6272,0.067278765
1,6273,0.1604192
1,6274,0.19541162
1,6275,0.12063702
1,6276,0.04240447
1,6277,0.12108331
1,6278,0.0065243794
1,6279,0.2101002
1,6280,0.00044548046
1,6281,0.28209513
1,6282,0.03969538
1,6283,0.021452483
1,6284,-0.00058234204
1,6285,0.28838035
1,6286,0.14380181
1,6287,0.16119927
1,6288,0.021747645
1,6289,0.012395914
1,6290,0.03394633
1,6291,0.049173918
1,6292,0.060527917
1,6293,0.10234266
1,6294,0.004247899
1,6295,0.14558494
1,6296,0.13715982
1,6297,0.02416223
1,6298,0.089048736
1,6299,0.04807424
1,6300,0.024187323
1,6301,0.104147546
1,6302,0.027493712
1,6303,0.062579446
1,6304,0.07574054
1,6305,0.0009978963
1,6306,0.16792068
1,6307,0.021729942
1,6308,0.031129953
1,6309,0.14312896
1,6310,0.09195357
1,6311,0.025924083
1,6312,0.021524962
1,6313,0.011369164
1,6314,0.06614929
1,6315,0.023798998
1,6316,0.014409597
1,6317,0.1815803
1,6318,-0.002597277
1,6319,0.04088163
1,6320,0.09193098
1,6321,0.02451789
1,6322,0.018142577
1,6323,0.20254284
1,6324,0.1755637
1,6325,0.027667698
1,6326,0.089768045
1,6327,0.019582387
1,6328,0.025640186
1,6329,0.1828919
1,6330,0.1280725
1,6331,0.12741703
1,6332,0.020370778
1,6333,0.0807006
1,6334,0.033160266
1,6335,0.08947494
1,6336,0.13233963
1,6337,0.029540952
1,6338,0.13780886
1,6339,0.14844504
1,6340,0.00050580036
1,6341,0.08024906
1,6342,0.073333345
1,6343,0.18367767
1,6344,0.09031486
1,6345,0.07671111
1,6346,0.14315462
1,6347,0.07242518
1,6348,0.07104903
1,6349,0.05347496
1,6350,0.18010527
1,6351,0.03790432
1,6352,0.058057006
1,6353,0.008686538
1,6354,0.055225518
1,6355,0.13163882
1,6356,0.078524314
1,6357,-0.0004547881
1,6358,0.06457289
1,6359,0.043400045
1,6360,0.046250608
1,6361,0.08827146
1,6362,0.008722748
1,6363,0.047147628
1,6364,0.14033502
1,6365,0.029602554
1,6366,0.07882368
1,6367,0.18189189
1,6368,0.042845543
1,6369,0.08806514
1,6370,0.14807957
1,6371,0.068498515
1,6372,0.07570707
1,6373,0.066173814
1,6374,0.14644581
1,6375,0.015177454
1,6376,0.19298446
1,6377,0.0019135429
1,6378,0.14391166
1,6379,0.08999991
1,6380,0.08839246
1,6381,0.16028297
1,6382,0.054012652
1,6383,0.00017964374
1,6384,0.036403235
1,6385,0.010079975
1,6386,0.009663875
1,6387,0.024464425
1,6388,0.02997094
1,6389,0.018917706
1,6390,0.14162165
1,6391,0.0077298833
1,6392,0.1151148
1,6393,0.08577319
1,6394,0.044532415
1,6395,0.12303316
1,6396,0.021797534
1,6397,0.13328144
1,6398,0.093295805
1,6399,0.057405468
1,6400,0.070675395
1,6401,0.15315133
1,6402,0.019714054
1,6403,0.17808113
1,6404,0.11040949
1,6405,0.13849515
1,6406,0.008411105
1,6407,0.0066939546
1,6408,0.047431406
1,6409,0.025094386
1,6410,0.060884412
1,6411,0.17226109
1,6412,0.036870476
1,6413,0.22385937
1,6414,0.12270909
1,6415,0.16129485
1,6416,0.032985803
1,6417,0.07349979
1,6418,0.16171968
1,6419,0.20817903
1,6420,0.0051119877
1,6421,0.1603013
1,6422,0.10509076
1,6423,0.11798393
1,6424,0.29527473
1,6425,0.06734883
1,6426,-0.0006771134
1,6427,0.049970713
1,6428,0.30484068
1,6429,0.12261241
1,6430,0.02372503
1,6431,0.09928947
1,6432,0.028450724
1,6433,0.14297962
1,6434,0.057464328
1,6435,0.05138075
1,6436,0.15943593
1,6437,0.018161174
1,6438,0.041045185
1,6439,0.06776386
1,6440,0.22468597
1,6441,0.11656954
1,6442,0.110316776
1,6443,0.05352905
1,6444,0.004285629
1,6445,0.27311197
1,6446,0.11535635
1,6447,0.005726154
1,6448,0.07605081
1,6449,0.03804427
1,6450,0.19061416
1,6451,0.07148131
1,6452,-0.0015400695
1,6453,0.035773512
1,6454,0.11717453
1,6455,0.18639272
1,6456,0.0009845449
1,6457,0.04553139
1,6458,0.08258145
1,6459,0.093136154
1,6460,-0.002733116
1,6461,0.23066714
1,6462,0.00015669595
1,6463,0.03799763
1,6464,0.04889029
1,6465,-0.0047739195
1,6466,0.09287476
1,6467,0.045340057
1,6468,0.15361062
1,6469,-0.0040794658
1,6470,0.1617086
1,6471,0.02260023
1,6472,0.23055494
1,6473,0.08624499
1,6474,0.28009325
1,6475,0.19197202
1,6476,0.25169665
1,6477,0.0072901202
1,6478,0.10412683
1,6479,0.07101446
1,6480,0.16328523
1,6481,0.16252631
1,6482,0.15446836
1,6483,0.07082408
1,6484,0.009522553
1,6485,0.31760275
1,6486,-0.004570012
1,6487,0.035735603
1,6488,0.023321923
1,6489,0.096546106
1,6490,0.34230497
1,6491,0.038702365
1,6492,0.34050742
1,6493,0.23371401
1,6494,0.002796228
1,6495,0.023411658
1,6496,0.17487425
1,6497,0.0045983745
1,6498,0.194615
1,6499,0.009837414
1,6500,0.16454032
1,6501,0.25882247
1,6502,0.0947684
1,6503,0.002424742
1,6504,0.17632174
1,6505,0.14779145
1,6506,0.17167601
1,6507,0.07275634
1,6508,0.21907294
1,6509,0.20201018
1,6510,0.11687165
1,6511,0.121678464
1,6512,-0.0026124166
1,6513,0.17941251
1,6514,0.07123714
1,6515,0.10694777
1,6516,0.19714087
1,6517,0.14116284
1,6518,0.046175774
1,6519,0.12183886
1,6520,0.030419763
1,6521,0.34839767
1,6522,0.004012401
1,6523,0.085502975
1,6524,0.049976613
1,6525,0.02510148
1,6526,0.10398095
1,6527,0.08630436
1,6528,0.1657806
1,6529,0.045409437
1,6530,0.13535464
1,6531,0.023961153
1,6532,0.064706616
1,6533,0.034929898
1,6534,0.05838185
1,6535,0.016401257
1,6536,0.029991653
1,6537,0.083473496
1,6538,0.22912687
1,6539,0.07102268
1,6540,0.012483771
1,6541,0.06484067
1,6542,0.011160667
1,6543,0.10689377
1,6544,0.10162347
1,6545,0.10621857
1,6546,0.15100196
1,6547,0.050884124
1,6548,0.08036449
1,6549,0.1255571
1,6550,0.09673052
1,6551,0.16739178
1,6552,0.15236652
1,6553,0.116721354
1,6554,0.043570574
1,6555,0.02480876
1,6556,0.047531214
1,6557,0.02408963
1,6558,0.22544473
1,6559,0.099566035
1,6560,0.14819783
1,6561,-0.0012570964
1,6562,0.20510173
1,6563,0.107511275
1,6564,0.031328466
1,6565,0.071056984
1,6566,0.0754865
1,6567,0.027899709
1,6568,0.08740496
1,6569,0.2316677
1,6570,0.16616037
1,6571,0.1060273
1,6572,0.1354889
1,6573,0.008414025
1,6574,0.17361179
1,6575,0.21408278
1,6576,0.12420403
1,6577,0.24750686
1,6578,0.0138509525
1,6579,0.24376047
1,6580,0.03211465
1,6581,-0.004292791
1,6582,0.25293526
1,6583,0.15541697
1,6584,0.39162117
1,6585,0.07502823
1,6586,0.089403145
1,6587,0.008664007
1,6588,0.12141564
1,6589,0.041619625
1,6590,0.03892475
1,6591,0.11548301
1,6592,0.08844774
1,6593,0.3131073
1,6594,0.05927598
1,6595,0.18993938
1,6596,0.01028734
1,6597,0.037872072
1,6598,0.05654445
1,6599,-0.001174693
1,6600,0.12579098
1,6601,0.079611175
1,6602,0.20557564
1,6603,0.05415758
1,6604,0.02459186
1,6605,0.18704033
1,6606,0.10201394
1,6607,0.05962434
1,6608,0.12371533
1,6609,0.13112485
1,6610,0.24971059
1,6611,0.18353969
1,6612,0.10293033
1,6613,0.10056209
1,6614,0.09714257
1,6615,0.07555466
1,6616,0.14182901
1,6617,0.20643932
1,6618,0.16390845
1,6619,0.10171252
1,6620,0.11056619
1,6621,0.1588167
1,6622,0.1301316
1,6623,0.15280062
1,6624,0.15835238
1,6625,0.04299983
1,6626,0.041880812
1,6627,0.08697116
1,6628,0.100010686
1,6629,-0.0030140923
1,6630,0.08708491
1,6631,0.20841262
1,6632,0.041316357
1,6633,0.015047009
1,6634,0.08172267
1,6635,0.018280413
1,6636,0.03710788
1,6637,0.063762866
1,6638,0.08679216
1,6639,0.13984364
1,6640,0.15997028
1,6641,0.12814039
1,6642,0.11179688
1,6643,0.049151
1,6644,0.12595323
1,6645,0.036389854
1,6646,0.36700937
1,6647,0.07126313
1,6648,0.095391
1,6649,0.039949175
1,6650,0.002470876
1,6651,0.09004619
1,6652,0.10476806
1,6653,0.20117217
1,6654,0.029609766
1,6655,0.068707965
1,6656,-0.00039029587
1,6657,0.05132192
1,6658,0.11059677
1,6659,0.19595906
1,6660,0.2834621
1,6661,0.046341028
1,6662,0.16764724
1,6663,0.24533266
1,6664,0.29841137
1,6665,0.07618194
1,6666,0.14424598
1,6667,0.032758083
1,6668,0.22075015
1,6669,0.27229136
1,6670,0.05218857
1,6671,0.06108978
1,6672,0.020711418
1,6673,0.10783964
1,6674,0.003772135
1,6675,0.21344829
1,6676,0.2373699
1,6677,0.16511226
1,6678,0.2563332
1,6679,0.037031945
1,6680,0.14821228
1,6681,0.17308667
1,6682,0.21109068
1,6683,0.022175398
1,6684,0.18515927
1,6685,0.03151017
1,6686,0.25160384
1,6687,0.10680812
1,6688,0.108852915
1,6689,0.25596052
1,6690,0.23655891
1,6691,0.1058917
1,6692,0.17168367
1,6693,0.21089178
1,6694,0.17749313
1,6695,0.17214185
1,6696,0.075341724
1,6697,0.0058591915
1,6698,0.09380289
1,6699,0.10575404
1,6700,0.024498042
1,6701,0.03185427
1,6702,-0.0020819353
1,6703,0.035334166
1,6704,0.06401252
1,6705,0.104260854
1,6706,0.05210292
1,6707,0.006244953
1,6708,0.26593822
1,6709,0.014649267
1,6710,0.22634599
1,6711,0.09322732
1,6712,0.18566972
1,6713,0.0731416
1,6714,0.09206229
1,6715,0.11212518
1,6716,-0.00037426222
1,6717,0.10591429
1,6718,0.2878715
1,6719,0.07158416
1,6720,0.12012976
1,6721,0.03538763
1,6722,0.14260098
1,6723,0.31482607
1,6724,0.11625906
1,6725,0.038579043
1,6726,0.21992752
1,6727,0.11398687
1,6728,0.22683203
1,6729,0.2438288
1,6730,0.4269988
1,6731,0.18253398
1,6732,0.13334575
1,6733,0.062014814
1,6734,0.07621502
1,6735,0.0011966778
1,6736,0.05176794
1,6737,0.015281285
1,6738,0.05923676
1,6739,0.012849505
1,6740,0.14350197
1,6741,0.016686019
1,6742,0.08814257
1,6743,0.1386106
1,6744,0.025103774
1,6745,0.1555162
1,6746,0.09338417
1,6747,0.0908181
1,6748,0.10730692
1,6749,-0.0015025483
1,6750,0.11825635
1,6751,0.17447072
1,6752,0.095329545
1,6753,0.08820664
1,6754,0.2339128
1,6755,0.16179302
1,6756,0.17031515
1,6757,0.017135706
1,6758,0.008032794
1,6759,0.19800594
1,6760,0.008746709
1,6761,0.015625414
1,6762,0.0040210737
1,6763,-0.0022698985
1,6764,0.055620786
1,6765,0.11834099
1,6766,0.13315204
1,6767,0.18166137
1,6768,0.16863883
1,6769,0.01905867
1,6770,0.05224901
1,6771,0.07034891
1,6772,0.037073847
1,6773,0.11997225
1,6774,0.16267413
1,6775,0.06738084
1,6776,0.028693791
1,6777,0.04215711
1,6778,0.11135661
1,6779,0.21702123
1,6780,0.06157392
1,6781,0.022768077
1,6782,0.22272056
1,6783,0.23324123
1,6784,0.15057331
1,6785,0.18618745
1,6786,0.23295122
1,6787,0.10227274
1,6788,0.10032346
1,6789,0.041718777
1,6790,-0.002346282
1,6791,0.120392434
1,6792,0.062730424
1,6793,0.16250104
1,6794,0.035118636
1,6795,0.1662485
1,6796,0.041259643
1,6797,0.026837643
1,6798,0.12495612
1,6799,0.12643504
1,6800,0.102873735
1,6801,0.03591716
1,6802,0.24476498
1,6803,0.105411224
1,6804,0.002407725
1,6805,0.00750422
1,6806,0.10705333
1,6807,0.16516376
1,6808,0.103653215
1,6809,0.20719713
1,6810,0.09394195
1,6811,0.0119338585
1,6812,0.24266464
1,6813,0.29696035
1,6814,0.12559795
1,6815,0.06244343
1,6816,0.0943312
1,6817,0.009887989
1,6818,0.18669006
1,6819,0.19362038
1,6820,0.08888956
1,6821,0.06838321
1,6822,0.11464553
1,6823,0.21580854
1,6824,0.07590943
1,6825,0.055784877
1,6826,0.16171044
1,6827,0.23629904
1,6828,0.08060687
1,6829,0.09967961
1,6830,-0.0009939121
1,6831,0.008964772
1,6832,0.31310475
1,6833,0.18468946
1,6834,0.18580714
1,6835,0.10812049
1,6836,0.029923853
1,6837,0.24017322
1,6838,0.11506786
1,6839,0.30409583
1,6840,0.09080162
1,6841,0.04127213
1,6842,0.14446831
1,6843,0.16349804
1,6844,0.077716105
1,6845,0.09236159
1,6846,0.09551679
1,6847,0.017141964
1,6848,0.0996749
1,6849,0.073515706
1,6850,0.027363714
1,6851,-0.0012270855
1,6852,0.06361245
1,6853,0.0027076555
1,6854,0.05225035
1,6855,0.0901336
1,6856,0.044410016
1,6857,0.007152791
1,6858,0.22336823
1,6859,0.014004941
1,6860,0.15932092
1,6861,0.1795333
1,6862,0.04526567
1,6863,0.14365864
1,6864,0.1369161
1,6865,0.12257915
1,6866,0.110500716
1,6867,0.20924813
1,6868,0.08107682
1,6869,0.01086467
1,6870,0.09443357
1,6871,0.116455905
1,6872,0.07470759
1,6873,0.008513893
1,6874,0.0012927605
1,6875,0.137274
1,6876,0.01963764
1,6877,0.3268218
1,6878,0.03072476
1,6879,0.16419876
1,6880,0.19363225
1,6881,0.044589993
1,6882,0.3238842
1,6883,0.18799725
1,6884,0.037291463
1,6885,0.11423539
1,6886,0.039357062
1,6887,0.074804716
1,6888,0.27394235
1,6889,0.008271868
1,6890,0.14165837
1,6891,0.116704755
1,6892,0.0253486
1,6893,0.07145833
1,6894,0.17077017
1,6895,0.065569095
1,6896,0.12075984
1,6897,0.006517793
1,6898,0.048524674
1,6899,0.17114162
1,6900,0.051250603
1,6901,0.080891244
1,6902,0.15425491
1,6903,0.4852063
1,6904,0.018785056
1,6905,0.057946768
1,6906,0.0592657
1,6907,0.10297804
1,6908,0.018641349
1,6909,-0.0036959099
1,6910,0.006868
1,6911,0.030723955
1,6912,0.13433814
1,6913,0.04807311
1,6914,0.019030359
1,6915,0.053243186
1,6916,0.024795707
1,6917,0.058723893
1,6918,0.034815248
1,6919,0.25707427
1,6920,0.08788236
1,6921,0.015947249
1,6922,-0.0033432292
1,6923,0.13729066
1,6924,0.12016701
1,6925,0.1631732
1,6926,0.16646719
1,6927,0.049168702
1,6928,0.03511375
1,6929,0.17747027
1,6930,0.012106474
1,6931,0.12046497
1,6932,0.071332686
1,6933,0.20686832
1,6934,0.0073977066
1,6935,0.06115287
1,6936,0.2939741
1,6937,0.00546741
1,6938,0.16482401
1,6939,0.024017122
1,6940,0.24149323
1,6941,0.031328376
1,6942,0.04325753
1,6943,0.11596804
1,6944,0.09127533
1,6945,0.013506348
1,6946,0.054751303
1,6947,0.04625779
1,6948,0.02389535
1,6949,0.13725585
1,6950,0.064685635
1,6951,0.08777874
1,6952,0.048142727
1,6953,0.12089794
1,6954,0.12387838
1,6955,0.05456346
1,6956,0.16612783
1,6957,0.12800327
1,6958,0.016299423
1,6959,0.10612046
1,6960,0.14235872
1,6961,0.12449106
1,6962,0.065921985
1,6963,0.06556659
1,6964,0.120383315
1,6965,0.17553186
1,6966,0.10069599
1,6967,0.009513016
1,6968,0.02023017
1,6969,0.003857012
1,6970,0.15264654
1,6971,0.0007016016
1,6972,0.038091864
1,6973,0.031976756
1,6974,0.1570198
1,6975,0.23107147
1,6976,0.05890375
1,6977,0.12366345
1,6978,0.22181201
1,6979,0.104268394
1,6980,0.28568035
1,6981,0.1299378
1,6982,0.20687938
1,6983,0.09889572
1,6984,0.017920848
1,6985,0.11144339
1,6986,0.291033
1,6987,0.05606618
1,6988,0.1028127
1,6989,0.20121127
1,6990,0.16706556
1,6991,0.13579208
1,6992,0.011258925
1,6993,0.072377555
1,6994,0.21142244
1,6995,-0.004619007
1,6996,0.116241865
1,6997,0.15379444
1,6998,0.111550085
1,6999,0.20929503
1,7000,-0.0024001645
1,7001,0.018016454
1,7002,0.03890037
1,7003,0.10279506
1,7004,0.08170896
1,7005,0.032596108
1,7006,0.1454863
1,7007,0.08768039
1,7008,0.037132677
1,7009,0.05346745
1,7010,0.032928076
1,7011,0.17170638
1,7012,-0.0009946572
1,7013,0.19969946
1,7014,0.030733105
1,7015,-0.0020262348
1,7016,0.20968658
1,7017,0.053118583
1,7018,0.079690896
1,7019,0.07832789
1,7020,0.006598915
1,7021,0.05828699
1,7022,0.25027272
1,7023,0.018108543
1,7024,0.04124808
1,7025,0.03831994
1,7026,0.0060957028
1,7027,0.055582758
1,7028,0.012590642
1,7029,0.10172724
1,7030,0.24341255
1,7031,0.06743174
1,7032,0.07520028
1,7033,0.17658114
1,7034,0.047536965
1,7035,0.10203823
1,7036,7.527601e-05
1,7037,0.202185
1,7038,0.08322536
1,7039,-0.00019899476
1,7040,0.050659593
1,7041,0.17548323
1,7042,0.05680689
1,7043,0.08623957
1,7044,0.017912146
1,7045,0.18912911
1,7046,0.03127631
1,7047,0.2729393
1,7048,0.10897439
1,7049,0.109454356
1,7050,0.009547587
1,7051,0.18982512
1,7052,0.04627597
1,7053,0.1188116
1,7054,0.050695058
1,7055,0.1312617
1,7056,0.1676929
1,7057,0.24856508
1,7058,0.029843327
1,7059,0.2849788
1,7060,0.04382619
1,7061,0.027294751
1,7062,0.090717755
1,7063,-0.0034720646
1,7064,0.08801936
1,7065,0.1658105
1,7066,0.14807105
1,7067,0.06987157
1,7068,0.23906016
1,7069,0.029823776
1,7070,0.06656813
1,7071,0.26201183
1,7072,0.008109267
1,7073,0.15962929
1,7074,0.010430272
1,7075,0.1374709
1,7076,0.04084408
1,7077,0.106312
1,7078,0.120984785
1,7079,0.099856816
1,7080,0.051335867
1,7081,0.07562684
1,7082,0.114022486
1,7083,0.17772204
1,7084,0.07856234
1,7085,0.35442483
1,7086,0.17524657
1,7087,0.10193842
1,7088,0.28605765
1,7089,0.058337238
1,7090,0.028670903
1,7091,0.0104015125
1,7092,0.019693788
1,7093,0.05636495
1,7094,-0.0022112774
1,7095,0.04211804
1,7096,0.116103105
1,7097,0.111934
1,7098,0.124530874
1,7099,0.013857479
1,7100,0.008331533
1,7101,0.17584449
1,7102,0.03939503
1,7103,-0.0025224434
1,7104,0.029023614
1,7105,0.091319494
1,7106,0.3037941
1,7107,-0.0010877894
1,7108,0.14564496
1,7109,-0.0006396221
1,7110,0.12714565
1,7111,0.06706684
1,7112,0.076482855
1,7113,0.06436979
1,7114,0.14149067
1,7115,0.15936345
1,7116,0.039816733
1,7117,0.3295805
1,7118,0.083953194
1,7119,0.0616869
1,7120,0.07040899
1,7121,0.11232173
1,7122,0.19036916
1,7123,0.021518763
1,7124,0.083895646
1,7125,0.32090044
1,7126,0.038327392
1,7127,0.0962215
1,7128,0.07677161
1,7129,0.08933198
1,7130,0.121248655
1,7131,0.107411765
1,7132,0.11047878
1,7133,0.020209607
1,7134,0.094399504
1,7135,0.021755006
1,7136,0.092578016
1,7137,0.102668755
1,7138,0.13398525
1,7139,0.032325443
1,7140,0.079427
1,7141,0.24283695
1,7142,0.28356817
1,7143,0.098756574
1,7144,0.13354802
1,7145,0.034258183
1,7146,0.06589376
1,7147,-0.0002495097
1,7148,0.019728389
1,7149,0.10114425
1,7150,0.058826502
1,7151,0.09491169
1,7152,0.10890364
1,7153,0.03763407
1,7154,0.0611698
1,7155,0.02655622
1,7156,0.018018957
1,7157,0.049262937
1,7158,0.09517338
1,7159,0.024504181
1,7160,0.09900295
1,7161,0.21388823
1,7162,0.37967825
1,7163,0.08053582
1,7164,0.028326329
1,7165,0.16952854
1,7166,0.18440065
1,7167,0.29191986
1,7168,0.06648176
1,7169,0.18540269
1,7170,0.009244646
1,7171,0.060270604
1,7172,0.05540281
1,7173,0.101864
1,7174,0.038952794
1,7175,0.0917201
1,7176,0.23304239
1,7177,0.06349265
1,7178,0.026008006
1,7179,0.069161646
1,7180,-2.0776875e-05
1,7181,0.019716319
1,7182,0.30896583
1,7183,0.016519066
1,7184,0.043198105
1,7185,0.02549943
1,7186,0.018854018
1,7187,0.14063081
1,7188,0.16119158
1,7189,0.077829115
1,7190,0.05054098
1,7191,0.025631066
1,7192,0.14435738
1,7193,0.12843853
1,7194,0.23680013
1,7195,0.25437284
1,7196,0.055398222
1,7197,0.03312495
1,7198,0.09454971
1,7199,0.23964012
1,7200,0.2161209
1,7201,0.008839007
1,7202,0.016755488
1,7203,0.12894213
1,7204,0.03378984
1,7205,0.18418688
1,7206,0.06523769
1,7207,0.15524963
1,7208,0.2654427
1,7209,0.03565183
1,7210,0.07131492
1,7211,0.051689144
1,7212,0.028088178
1,7213,0.18167403
1,7214,0.09981828
1,7215,0.19261384
1,7216,0.09624945
1,7217,0.06635433
1,7218,0.059381243
1,7219,0.008796389
1,7220,0.03426605
1,7221,0.22168288
1,7222,0.13490307
1,7223,0.027053174
1,7224,-0.0024190592
1,7225,0.13952065
1,7226,0.19916409
1,7227,0.10928618
1,7228,0.13906902
1,7229,0.13831604
1,7230,0.20072553
1,7231,0.2752291
1,7232,0.15178698
1,7233,0.09707289
1,7234,0.12675244
1,7235,0.1327675
1,7236,0.1532113
1,7237,0.086418204
1,7238,0.1037383
1,7239,0.097435735
1,7240,0.037392195
1,7241,0.1203626
1,7242,0.07546633
1,7243,0.13704455
1,7244,0.09747272
1,7245,0.17165768
1,7246,0.045244005
1,7247,0.15596619
1,7248,0.07409506
1,7249,0.06744569
1,7250,0.07195442
1,7251,0.12968612
1,7252,0.10128715
1,7253,0.063722126
1,7254,0.10046064
1,7255,0.058794793
1,7256,0.11326083
1,7257,0.0739459
1,7258,0.19030613
1,7259,-0.0043067383
1,7260,0.17765275
1,7261,0.025954064
1,7262,0.11332368
1,7263,0.10050117
1,7264,0.025115725
1,7265,0.28663194
1,7266,0.06340336
1,7267,0.23328558
1,7268,0.18758777
1,7269,0.37353316
1,7270,0.11978125
1,7271,0.20757514
1,7272,0.1882757
1,7273,-0.0033691572
1,7274,0.20839626
1,7275,0.26365715
1,7276,0.06007361
1,7277,0.11769237
1,7278,0.092599146
1,7279,0.0021053506
1,7280,0.07091474
1,7281,0.17778444
1,7282,0.10615181
1,7283,-0.00420547
1,7284,0.07777249
1,7285,0.22157988
1,7286,0.08583277
1,7287,0.13814744
1,7288,0.17442489
1,7289,0.15659174
1,7290,0.078668706
1,7291,0.18310314
1,7292,0.10003906
1,7293,0.01182803
1,7294,0.07961067
1,7295,0.06543168
1,7296,0.16856286
1,7297,0.038035687
1,7298,0.08593037
1,7299,0.041345056
1,7300,0.26467177
1,7301,0.09610974
1,7302,0.044996496
1,7303,0.055634912
1,7304,0.12798554
1,7305,0.17959026
1,7306,0.30561852
1,7307,0.03915247
1,7308,0.009662445
1,7309,0.15088797
1,7310,0.05135381
1,7311,0.15443784
1,7312,0.12577143
1,7313,0.058339085
1,7314,0.026996907
1,7315,0.10882758
1,7316,0.027348544
1,7317,0.09341165
1,7318,0.086927734
1,7319,0.09435465
1,7320,0.08183371
1,7321,0.09702047
1,7322,0.10676121
1,7323,0.09606125
1,7324,0.3485595
1,7325,0.34454796
1,7326,0.0766001
1,7327,0.013158853
1,7328,0.08346563
1,7329,0.10056161
1,7330,0.33238104
1,7331,0.11042135
1,7332,0.118560545
1,7333,0.051847275
1,7334,0.036481347
1,7335,0.20730653
1,7336,0.015053148
1,7337,0.11916169
1,7338,0.17939687
1,7339,0.10856127
1,7340,0.03660136
1,7341,0.13861497
1,7342,0.20472613
1,7343,0.12383818
1,7344,0.07314139
1,7345,0.2116926
1,7346,0.01836669
1,7347,0.06775644
1,7348,0.1929372
1,7349,0.05076837
1,7350,0.041927155
1,7351,0.30220678
1,7352,0.048865434
1,7353,0.0037839664
1,7354,0.16791162
1,7355,0.06207436
1,7356,0.059459623
1,7357,0.00477242
1,7358,0.04665428
1,7359,0.2188732
1,7360,0.010095443
1,7361,0.21447757
1,7362,0.054884847
1,7363,0.11281168
1,7364,0.19286823
1,7365,0.29406253
1,7366,0.030935582
1,7367,0.13906235
1,7368,0.2511982
1,7369,0.11713206
1,7370,0.24983877
1,7371,0.29521787
1,7372,0.19418827
1,7373,0.04247343
1,7374,0.015892085
1,7375,0.24947059
1,7376,0.21909523
1,7377,0.12180614
1,7378,0.1320324
1,7379,0.07383617
1,7380,0.16907316
1,7381,0.10340946
1,7382,0.23854977
1,7383,0.03507852
1,7384,0.042130616
1,7385,0.17593884
1,7386,0.09795009
1,7387,0.15142861
1,7388,0.057708677
1,7389,0.09312215
1,7390,0.1133691
1,7391,0.06317728
1,7392,0.0677393
1,7393,0.4045509
1,7394,0.016011652
1,7395,0.0697742
1,7396,0.09152656
1,7397,0.1593098
1,7398,0.06639951
1,7399,0.09532284
1,7400,0.022991356
1,7401,0.11448436
1,7402,0.10508453
1,7403,0.20968297
1,7404,0.30243745
1,7405,0.15259793
1,7406,0.0928412
1,7407,0.14097095
1,7408,0.15746197
1,7409,0.19739991
1,7410,0.02973416
1,7411,0.05685362
1,7412,0.05837011
1,7413,0.053351995
1,7414,0.024920788
1,7415,0.049855705
1,7416,0.020704683
1,7417,0.14568746
1,7418,0.06203061
1,7419,0.15405443
1,7420,0.19827485
1,7421,0.024922159
1,7422,0.009190048
1,7423,0.19906777
1,7424,0.26487994
1,7425,0.011337991
1,7426,0.0145230545
1,7427,0.04161265
1,7428,0.028263088
1,7429,0.03751048
1,7430,0.034887012
1,7431,0.2825192
1,7432,0.1153483
1,7433,0.041411337
1,7434,0.025954243
1,7435,0.10270005
1,7436,0.12910274
1,7437,0.058729526
1,7438,0.06459584
1,7439,0.27235997
1,7440,0.05454963
1,7441,0.16172591
1,7442,0.13781828
1,7443,0.058473404
1,7444,0.012976195
1,7445,0.0247125
1,7446,0.12685478
1,7447,0.16930139
1,7448,0.107349
1,7449,0.20737195
1,7450,0.16436109
1,7451,0.26147205
1,7452,0.17246169
1,7453,0.07160922
1,7454,0.01627412
1,7455,0.03649458
1,7456,-0.0008732723
1,7457,0.0012595905
1,7458,0.047665592
1,7459,0.20833558
1,7460,0.09384727
1,7461,0.16818213
1,7462,0.20619258
1,7463,0.19411942
1,7464,0.10526761
1,7465,0.09149908
1,7466,0.17553854
1,7467,0.0026470972
1,7468,0.11739566
1,7469,0.12606484
1,7470,0.10085764
1,7471,0.1441096
1,7472,0.01120549
1,7473,0.023346718
1,7474,0.05795371
1,7475,0.041865107
1,7476,-0.0017346488
1,7477,0.03791618
1,7478,0.032060113
1,7479,0.1609883
1,7480,0.08376881
1,7481,0.3571661
1,7482,0.21157241
1,7483,0.0012431694
1,7484,0.025368776
1,7485,0.035194602
1,7486,0.13292405
1,7487,0.2759082
1,7488,0.08543908
1,7489,0.16513121
1,7490,0.1328446
1,7491,0.1691382
1,7492,0.24627268
1,7493,0.09335204
1,7494,0.14531758
1,7495,0.048405703
1,7496,0.05639332
1,7497,0.098680906
1,7498,0.069574736
1,7499,0.067853354
1,7500,0.19288921
1,7501,0.06902974
1,7502,0.04504126
1,7503,0.08605679
1,7504,0.08917331
1,7505,0.17238677
1,7506,0.10833024
1,7507,0.019475456
1,7508,0.06444096
1,7509,0.14218602
1,7510,0.05772459
1,7511,0.21473974
1,7512,0.16177055
1,7513,0.092471085
1,7514,0.078760795
1,7515,0.15339443
1,7516,0.04293516
1,7517,0.09762173
1,7518,0.22537804
1,7519,0.17381728
1,7520,0.09797206
1,7521,0.11689939
1,7522,0.079653256
1,7523,0.1787552
1,7524,0.027018454
1,7525,0.0011260463
1,7526,0.12498107
1,7527,0.11997347
1,7528,0.071254484
1,7529,0.010862048
2,0,0.026052173
2,1,0.0051040603
2,2,-0.0046177553
2,3,-0.004079883
2,4,0.019795593
2,5,0.0070356084
2,6,-0.0017027901
2,7,0.035484012
2,8,-0.0014290856
2,9,0.0413596
2,10,0.037948545
2,11,0.071806364
2,12,0.042618092
2,13,0.035793003
2,14,0.009171362
2,15,0.03297436
2,16,-0.0034964131
2,17,0.034013268
2,18,0.032539185
2,19,0.08360749
2,20,0.00089597236
2,21,0.007392104
2,22,0.022760686
2,23,0.034541186
2,24,0.04089689
2,25,0.049161967
2,26,0.089608245
2,27,0.013652558
2,28,0.008284803
2,29,0.003816302
2,30,0.009481962
2,31,0.033950444
2,32,0.022962984
2,33,0.016828116
2,34,0.030482884
2,35,0.03435379
2,36,0.045196947
2,37,0.06975388
2,38,-0.0037919926
2,39,0.059647795
2,40,0.012564833
2,41,0.008700783
2,42,0.008943434
2,43,0.010954495
2,44,0.004615779
2,45,0.037174817
2,46,0.00554883
2,47,0.042104777
2,48,0.07629167
2,49,0.025473054
2,50,0.055399593
2,51,0.027340349
2,52,0.055687603
2,53,0.01842999
2,54,0.03858536
2,55,0.035319682
2,56,0.027592834
2,57,0.03998929
2,58,0.008012707
2,59,0.038169082
2,60,0.024754938
2,61,0.00057357084
2,62,-0.002616589
2,63,0.045691665
2,64,0.0032857014
2,65,-0.0029277252
2,66,0.0025154902
2,67,-0.0026836442
2,68,0.023986932
2,69,0.00070064794
2,70,0.038503166
2,71,0.011507745
2,72,0.0071821166
2,73,0.005542393
2,74,0.016098794
2,75,0.014768536
2,76,0.00055831205
2,77,0.025088664
2,78,0.032526787
2,79,0.0113540245
2,80,0.010143514
2,81,0.03188425
2,82,0.015712317
2,83,0.031245705
2,84,-0.004198973
2,85,0.012221749
2,86,-0.0027756141
2,87,0.058316227
2,88,-0.0015980052
2,89,0.0029540611
2,90,0.03348082
2,91,0.0321663
2,92,-0.00058275927
2,93,0.0071925474
2,94,-0.0018469738
2,95,-0.00495625
2,96,0.09726649
2,97,0.027981933
2,98,0.019443687
2,99,0.09218382
2,100,0.029070314
2,101,0.013073142
2,102,0.12256288
2,103,0.06674593
2,104,0.028243061
2,105,0.0029944135
2,106,0.058838245
2,107,0.008017416
2,108,0.009805317
2,109,0.029029544
2,110,0.05722749
2,111,0.0733298
2,112,0.0245617
2,113,0.050497767
2,114,0.01060694
2,115,0.03008252
2,116,0.039503273
2,117,0.07760566
2,118,-0.0033034133
2,119,0.03509521
2,120,0.035797056
2,121,-0.0034214305
2,122,0.039332267
2,123,-0.0013528513
2,124,-0.00038624275
2,125,0.03437447
2,126,0.0041519357
2,127,0.032918867
2,128,-0.0048539685
2,129,0.014799471
2,130,0.0073364927
2,131,0.015852984
2,132,0.0376569
2,133,-0.0038997578
2,134,0.026715871
2,135,0.0048370315
2,136,0.031038817
2,137,0.06973981
2,138,0.030315634
2,139,0.0978732
2,140,0.042984005
2,141,0.001602049
2,142,0.06715792
2,143,0.028230306
2,144,0.005374904
2,145,0.037258323
2,146,0.0041180206
2,147,-0.0017009424
2,148,0.019840594
2,149,0.00853991
2,150,0.02109551
2,151,0.0055248095
2,152,0.07026141
2,153,0.05893713
2,154,-0.0031455206
2,155,0.025222357
2,156,0.0591647
2,157,0.043827053
2,158,0.025098559
2,159,-0.0009192275
2,160,0.052872952
2,161,0.0027209474
2,162,-0.0032097744
2,163,0.027932342
2,164,0.018211957
2,165,0.08536094
2,166,0.03640395
2,167,0.037134763
2,168,0.06720155
2,169,0.04439586
2,170,0.0059561683
2,171,0.028137024
2,172,0.055876967
2,173,0.04546916
2,174,0.03541797
2,175,0.0029122783
2,176,0.015990969
2,177,0.014561827
2,178,0.051523086
2,179,0.0087740375
2,180,0.02580076
2,181,0.00034302007
2,182,0.046727415
2,183,0.006954844
2,184,0.06210607
2,185,0.058595773
2,186,0.034179445
2,187,0.0051463796
2,188,0.056553897
2,189,0.009232874
2,190,0.018355604
2,191,0.064008884
2,192,0.05572569
2,193,0.023738023
2,194,0.012196059
2,195,0.03686356
2,196,0.05425572
2,197,0.037161466
2,198,0.024069186
2,199,0.094664924
2,200,0.018089946
2,201,0.05125725
2,202,0.0004950119
2,203,0.010607536
2,204,0.027419802
2,205,0.02983975
2,206,0.005223508
2,207,0.019040104
2,208,0.014417048
2,209,0.025311407
2,210,0.053632494
2,211,-0.0020169662
2,212,0.021915313
2,213,-0.0045242356
2,214,0.033055123
2,215,0.011552031
2,216,0.046549138
2,217,-0.0044552134
2,218,0.0038679196
2,219,0.05754697
2,220,0.048750337
2,221,0.042563435
2,222,0.013089056
2,223,0.0140561415
2,224,0.06494688
2,225,0.07143574
2,226,0.0041264845
2,227,0.017182346
2,228,0.002220626
2,229,0.026241954
2,230,0.07248043
2,231,0.0394718
2,232,0.02142274
2,233,0.026123341
2,234,0.00020110141
2,235,0.03953856
2,236,0.013012226
2,237,0.06857305
2,238,0.015605087
2,239,0.009942885
2,240,0.048720237
2,241,0.05530804
2,242,0.024336334
2,243,0.035437938
2,244,0.032787737
2,245,0.032913323
2,246,0.02830517
2,247,0.02788436
2,248,0.08095162
2,249,0.058530387
2,250,0.024580177
2,251,0.011585291
2,252,0.02279764
2,253,0.0011341525
2,254,0.047936615
2,255,0.001961465
2,256,0.028331693
2,257,0.0011952473
2,258,0.052323576
2,259,0.026300665
2,260,-0.002776389
2,261,-0.00057614315
2,262,0.025880393
2,263,0.030000743
2,264,0.01858389
2,265,0.009474511
2,266,0.012771125
2,267,0.05752748
2,268,0.01926374
2,269,0.009013171
2,270,0.10921877
2,271,0.06269293
2,272,0.021992978
2,273,0.027512725
2,274,0.06841325
2,275,0.01753151
2,276,0.0059565855
2,277,0.041922864
2,278,0.009522493
2,279,0.015878733
2,280,0.015888091
2,281,0.039350506
2,282,-0.003190224
2,283,-0.0024324106
2,284,0.011550899
2,285,-0.004222338
2,286,0.06013095
2,287,0.110104255
2,288,0.004634912
2,289,0.03396928
2,290,0.02952462
2,291,0.0011764122
2,292,0.07669913
2,293,0.024335679
2,294,0.036402818
2,295,0.062138077
2,296,0.06408351
2,297,0.0046357466
2,298,0.018789168
2,299,0.059406813
2,300,0.03386366
2,301,-0.004753356
2,302,0.023115989
2,303,0.05516463
2,304,0.039447423
2,305,0.12819672
2,306,0.037590977
2,307,0.06982093
2,308,0.08228236
2,309,0.0043149544
2,310,0.093119614
2,311,0.11187374
2,312,0.039691444
2,313,0.057852563
2,314,0.07310098
2,315,0.014566655
2,316,0.024674293
2,317,0.06573372
2,318,0.11402392
2,319,0.08793401
2,320,0.05912864
2,321,0.0017625047
2,322,0.057232197
2,323,0.020527001
2,324,0.02835935
2,325,0.026980814
2,326,0.047095295
2,327,0.06302994
2,328,-0.0012167143
2,329,0.080116384
2,330,0.06566351
2,331,0.0154188825
2,332,0.08869659
2,333,0.115560345
2,334,0.0104885055
2,335,0.15028006
2,336,0.054143187
2,337,-0.0038723396
2,338,0.077004306
2,339,0.081091814
2,340,0.009804721
2,341,0.042465623
2,342,0.08311712
2,343,0.06883734
2,344,0.07581668
2,345,0.030117866
2,346,0.05137467
2,347,0.035533007
2,348,0.061735865
2,349,0.019476946
2,350,0.011567469
2,351,0.05653834
2,352,0.10013377
2,353,0.06374591
2,354,0.0789622
2,355,0.0013561798
2,356,0.05903172
2,357,0.0031549288
2,358,0.06900626
2,359,0.02516329
2,360,0.03271168
2,361,-0.0013317512
2,362,-0.0016452717
2,363,0.036960658
2,364,0.029985007
2,365,0.09081762
2,366,0.006822164
2,367,0.012917991
2,368,0.08136701
2,369,0.11690181
2,370,0.007537539
2,371,0.086473994
2,372,0.064893894
2,373,0.020211335
2,374,-0.0036431598
2,375,0.03252053
2,376,0.013058539
2,377,0.04583251
2,378,0.052995678
2,379,0.028582986
2,380,0.05288851
2,381,0.051479157
2,382,0.0046634628
2,383,0.022658166
2,384,0.01149642
2,385,0.054869886
2,386,0.03592771
2,387,0.041662034
2,388,0.028184887
2,389,0.09268551
2,390,0.02721965
2,391,0.0096959425
2,392,0.022513445
2,393,0.04526877
2,394,0.012135918
2,395,-0.00016278494
2,396,0.07726621
2,397,0.023173925
2,398,0.13005465
2,399,0.019133564
2,400,-0.0022060918
2,401,0.020591017
2,402,0.0552299
2,403,0.0056223823
2,404,0.068350546
2,405,0.0853179
2,406,-0.0031700777
2,407,0.038118836
2,408,0.112664096
2,409,0.078750424
2,410,0.034456786
2,411,0.03428441
2,412,0.11991697
2,413,0.070851736
2,414,0.01397496
2,415,0.033063527
2,416,-0.0035426067
2,417,0.05243003
2,418,0.022979554
2,419,0.03727108
2,420,0.063662104
2,421,0.083924316
2,422,-0.0010995911
2,423,0.01937842
2,424,0.03665119
2,425,0.03891998
2,426,-0.0006333636
2,427,0.10228633
2,428,0.033842977
2,429,0.114581876
2,430,0.111519806
2,431,0.15343964
2,432,0.096543126
2,433,0.09116321
2,434,0.012104268
2,435,0.064281575
2,436,0.12455248
2,437,0.109792076
2,438,0.047933515
2,439,0.06474244
2,440,0.08354192
2,441,0.08807587
2,442,0.13467658
2,443,0.018246468
2,444,0.024735209
2,445,0.08521216
2,446,0.24051243
2,447,0.028069552
2,448,0.0086538745
2,449,0.13190567
2,450,0.033440467
2,451,0.027377602
2,452,0.12988329
2,453,0.10547983
2,454,0.038353022
2,455,0.024905678
2,456,0.030802842
2,457,0.08493655
2,458,0.060682412
2,459,0.01556402
2,460,0.036851283
2,461,0.05921435
2,462,0.15577799
2,463,0.066719346
2,464,0.0018500043
2,465,0.075647764
2,466,0.038793262
2,467,0.0126472665
2,468,0.060731526
2,469,0.0058997227
2,470,0.014774854
2,471,0.0599274
2,472,0.0069440557
2,473,-0.0041996287
2,474,0.010859783
2,475,0.06304955
2,476,0.11486214
2,477,0.053371545
2,478,0.121889345
2,479,0.0075021936
2,480,0.012098963
2,481,0.026498731
2,482,0.12268042
2,483,0.0788117
2,484,0.007541473
2,485,0.03036284
2,486,0.06316983
2,487,0.0017667366
2,488,-0.0016658353
2,489,0.015697476
2,490,0.03776395
2,491,0.019225713
2,492,0.0678302
2,493,0.0093467785
2,494,0.04788762
2,495,0.012247975
2,496,0.058050033
2,497,0.0027292324
2,498,0.06949233
2,499,0.023694035
2,500,0.14172232
2,501,-0.0011323141
2,502,0.059833165
2,503,0.09165376
2,504,-0.0022077607
2,505,0.021486875
2,506,0.10275727
2,507,0.0011944724
2,508,0.043431696
2,509,0.006026621
2,510,0.09866386
2,511,0.037840303
2,512,0.13709193
2,513,0.054231342
2,514,0.0050859405
2,515,0.029829022
2,516,0.076586656
2,517,0.026603635
2,518,0.009944971
2,519,0.07631748
2,520,0.029009815
2,521,0.0047057224
2,522,0.037639137
2,523,-0.0022480534
2,524,0.098596506
2,525,0.09035354
2,526,0.0035761548
2,527,0.00048261415
2,528,0.0034745885
2,529,-0.003194158
2,530,0.04757863
2,531,0.19674575
2,532,0.060502168
2,533,0.027391966
2,534,0.10251891
2,535,0.023113128
2,536,-0.002453153
2,537,0.009722288
2,538,0.11079579
2,539,0.002195592
2,540,-0.0018606232
2,541,0.06322896
2,542,0.04725748
2,543,0.07560735
2,544,0.071654074
2,545,0.010349448
2,546,0.054212805
2,547,0.21245077
2,548,0.005212362
2,549,0.096565835
2,550,0.07090812
2,551,0.12972319
2,552,0.09104823
2,553,0.03673094
2,554,0.0039211465
2,555,0.06507742
2,556,0.087322764
2,557,0.108750336
2,558,0.14762712
2,559,0.088142864
2,560,0.026355322
2,561,0.053338822
2,562,0.007248516
2,563,0.0022549583
2,564,0.0707668
2,565,0.070698254
2,566,-0.001426463
2,567,0.08326148
2,568,0.19838986
2,569,0.076699845
2,570,0.078344785
2,571,0.010836835
2,572,0.07978325
2,573,0.12902334
2,574,0.0100983335
2,575,0.07263636
2,576,0.015777763
2,577,0.09638988
2,578,0.109774224
2,579,0.034633335
2,580,0.08448749
2,581,0.09420388
2,582,0.023275848
2,583,0.040719148
2,584,0.07440936
2,585,0.018780645
2,586,0.09945165
2,587,0.049059268
2,588,0.12773532
2,589,0.11273723
2,590,0.0028598262
2,591,0.061711367
2,592,0.034987148
2,593,0.042638894
2,594,-0.0045533823
2,595,0.09730261
2,596,0.20241636
2,597,0.06344085
2,598,0.1609326
2,599,0.013844187
2,600,0.03145271
2,601,0.04924583
2,602,0.12386053
2,603,0.0992431
2,604,0.088689856
2,605,0.04458862
2,606,0.052929755
2,607,0.042641815
2,608,0.048923012
2,609,0.042614814
2,610,0.03788292
2,611,0.010526652
2,612,0.03754061
2,613,0.009907003
2,614,0.075050406
2,615,0.113261156
2,616,0.013858671
2,617,0.031030115
2,618,0.084782414
2,619,-0.0027941512
2,620,0.019384917
2,621,0.0500102
2,622,0.058746573
2,623,0.09207069
2,624,0.13765115
2,625,0.01610684
2,626,0.016880807
2,627,0.14266264
2,628,0.06406736
2,629,0.04491144
2,630,0.09497874
2,631,0.08139276
2,632,0.1226471
2,633,0.02040672
2,634,0.062944345
2,635,-0.0029637264
2,636,0.13406461
2,637,0.08402824
2,638,0.010420139
2,639,0.22025701
2,640,0.025123712
2,641,0.07303577
2,642,0.01805931
2,643,0.015934106
2,644,0.016817387
2,645,0.11522698
2,646,0.057376977
2,647,0.008934493
2,648,0.0070748283
2,649,0.013622935
2,650,0.12708741
2,651,0.1648035
2,652,0.06016549
2,653,0.09472626
2,654,0.08672171
2,655,-0.0016027736
2,656,0.05264878
2,657,0.057286914
2,658,0.20705545
2,659,0.13413095
2,660,0.06013715
2,661,0.07875448
2,662,0.00802594
2,663,0.013246651
2,664,-0.0033196257
2,665,-0.0014744448
2,666,0.0040441705
2,667,0.034698065
2,668,0.046789344
2,669,0.087072305
2,670,0.0675525
2,671,-4.5304187e-05
2,672,0.0732842
2,673,0.036071476
2,674,0.06541627
2,675,0.09453171
2,676,0.05088478
2,677,0.077556066
2,678,0.0007280065
2,679,0.019689199
2,680,0.12639552
2,681,0.10763698
2,682,0.0156365
2,683,0.062230226
2,684,0.1068747
2,685,0.2426984
2,686,0.013039107
2,687,-0.004447584
2,688,0.14665288
2,689,0.09892642
2,690,0.125144
2,691,0.008449133
2,692,0.18498766
2,693,0.13396737
2,694,0.013869996
2,695,0.07042431
2,696,0.010703201
2,697,0.04627579
2,698,0.06659513
2,699,0.047070142
2,700,0.04224282
2,701,0.20381317
2,702,0.084491126
2,703,0.047988232
2,704,0.10231035
2,705,0.039706644
2,706,0.02525651
2,707,0.110187404
2,708,0.0045185043
2,709,0.06376665
2,710,0.08327048
2,711,0.16519195
2,712,0.08241194
2,713,0.031415816
2,714,0.14665192
2,715,0.04098993
2,716,0.07410853
2,717,0.06941336
2,718,0.0059558107
2,719,0.010328646
2,720,0.044954833
2,721,-0.00086629856
2,722,0.01249301
2,723,0.05404332
2,724,0.058666524
2,725,0.08369904
2,726,0.122848265
2,727,0.07979273
2,728,0.030703839
2,729,0.061073598
2,730,-0.002430682
2,731,0.07806223
2,732,-0.0004072236
2,733,-0.004768555
2,734,0.01969206
2,735,0.15631652
2,736,0.014601047
2,737,0.08765965
2,738,0.06312739
2,739,0.104349725
2,740,-0.0037106918
2,741,0.14702457
2,742,0.0963425
2,743,0.009058411
2,744,0.07096844
2,745,0.11226403
2,746,-0.0032042312
2,747,0.04508644
2,748,0.040547337
2,749,0.10837322
2,750,0.046175715
2,751,0.15136307
2,752,0.08223718
2,753,0.114009015
2,754,0.062071856
2,755,0.066175364
2,756,0.028511282
2,757,0.07492965
2,758,0.10475039
2,759,0.040483054
2,760,0.08753949
2,761,0.23472473
2,762,0.12169748
2,763,0.04372525
2,764,0.17898244
2,765,0.056347724
2,766,0.16526979
2,767,0.06367379
2,768,0.23251623
2,769,0.02947354
2,770,0.07587879
2,771,0.19406405
2,772,0.04819971
2,773,0.16219628
2,774,0.06689935
2,775,0.09114211
2,776,0.06566026
2,777,0.034366485
2,778,0.056136187
2,779,0.008096392
2,780,0.021748241
2,781,0.24190405
2,782,0.00043808948
2,783,0.13873339
2,784,0.08232277
2,785,0.2379947
2,786,0.0039552404
2,787,0.09339201
2,788,0.087589644
2,789,0.00051354896
2,790,0.238745
2,791,0.13116741
2,792,0.1483115
2,793,0.052186843
2,794,0.14522302
2,795,0.0385732
2,796,0.076684944
2,797,0.12752777
2,798,0.008534844
2,799,0.112695746
2,800,0.1286352
2,801,0.049014326
2,802,0.10233902
2,803,0.05009043
2,804,0.071726136
2,805,0.022390421
2,806,0.08102798
2,807,0.020769414
2,808,0.020771619
2,809,0.050094422
2,810,0.10333233
2,811,0.070416026
2,812,-0.0012324499
2,813,0.061110195
2,814,0.05072063
2,815,0.012688155
2,816,0.08351975
2,817,-0.0047246264
2,818,0.11945637
2,819,0.09977149
2,820,-0.001146202
2,821,0.012926335
2,822,0.048876043
2,823,0.010936494
2,824,0.054001983
2,825,-0.0024682926
2,826,0.19122732
2,827,0.0061455322
2,828,0.044295307
2,829,-0.004384701
2,830,-0.002909665
2,831,0.17957127
2,832,0.030719694
2,833,0.1431598
2,834,0.06933891
2,835,0.067295484
2,836,0.18907243
2,837,0.06813001
2,838,0.030115362
2,839,0.024903055
2,840,0.012817468
2,841,0.27370328
2,842,0.059997912
2,843,0.092885904
2,844,0.03674018
2,845,0.028878327
2,846,0.033932503
2,847,0.07082873
2,848,0.19972175
2,849,0.06786906
2,850,0.1506418
2,851,0.029732432
2,852,-0.0035027312
2,853,0.04005414
2,854,0.12622327
2,855,0.10055094
2,856,0.048498537
2,857,0.033385154
2,858,0.07211729
2,859,0.065074734
2,860,0.04162496
2,861,0.033942338
2,862,0.044493195
2,863,0.09383344
2,864,-0.0034853863
2,865,0.22375679
2,866,0.10554182
2,867,0.11712035
2,868,0.025688585
2,869,0.06872075
2,870,0.0008808924
2,871,0.15910739
2,872,0.0050060702
2,873,0.09849583
2,874,0.07209616
2,875,0.004273887
2,876,-0.0011405991
2,877,0.06576251
2,878,0.15039256
2,879,0.1745584
2,880,0.03856885
2,881,0.16001111
2,882,0.08319949
2,883,0.1143217
2,884,0.005177255
2,885,0.043315228
2,886,0.04522526
2,887,0.03815865
2,888,0.050823506
2,889,0.085973255
2,890,0.00603282
2,891,0.0469737
2,892,0.04044306
2,893,-0.000116233714
2,894,0.0674048
2,895,0.13037032
2,896,-0.0011568712
2,897,0.0959303
2,898,0.15204012
2,899,0.10890659
2,900,0.0143130375
2,901,0.019545611
2,902,0.24456146
2,903,0.00723439
2,904,0.21071148
2,905,0.021296795
2,906,0.119882934
2,907,0.021263715
2,908,0.084528916
2,909,0.21141016
2,910,0.02933174
2,911,0.03018492
2,912,0.012126978
2,913,0.079285316
2,914,0.022017118
2,915,0.07233416
2,916,0.041531082
2,917,0.09335079
2,918,0.06954985
2,919,0.13332546
2,920,0.017725702
2,921,0.094379775
2,922,0.09886592
2,923,0.036851462
2,924,0.11833351
2,925,0.026587006
2,926,0.046681758
2,927,0.042530354
2,928,0.23188654
2,929,0.19780248
2,930,0.0019512726
2,931,0.02283531
2,932,0.044343647
2,933,0.10165324
2,934,-0.0026659416
2,935,0.018454548
2,936,0.15017176
2,937,0.05397409
2,938,0.12578726
2,939,0.02726015
2,940,0.24478507
2,941,0.0516749
2,942,0.20643458
2,943,0.032820757
2,944,0.10386818
2,945,0.088724546
2,946,0.10571628
2,947,0.09557586
2,948,0.1326316
2,949,0.15425795
2,950,0.16418117
2,951,0.1609137
2,952,0.014905031
2,953,0.031625684
2,954,0.10296082
2,955,0.03289148
2,956,0.053561207
2,957,0.056121584
2,958,0.018233415
2,959,0.078183584
2,960,-0.0019346522
2,961,0.10948973
2,962,0.037594017
2,963,0.011612172
2,964,0.026228007
2,965,0.037758823
2,966,0.0031477166
2,967,0.094072334
2,968,0.13379985
2,969,0.16022131
2,970,0.04240608
2,971,0.029255863
2,972,0.035025056
2,973,0.14436513
2,974,0.05412173
2,975,0.03155082
2,976,0.040267583
2,977,0.16515276
2,978,0.21409762
2,979,0.016776916
2,980,0.10344898
2,981,0.05918437
2,982,0.020395394
2,983,0.055380043
2,984,0.05155867
2,985,-0.0042008804
2,986,0.1058095
2,987,0.038388487
2,988,0.13438785
2,989,0.12562254
2,990,0.21992034
2,991,0.087972276
2,992,0.026857074
2,993,0.14561892
2,994,0.02817094
2,995,0.20438522
2,996,0.0010442091
2,997,0.007236774
2,998,0.0420925
2,999,0.06148779
2,1000,0.021881875
2,1001,0.16388905
2,1002,0.0017879559
2,1003,0.072621875
2,1004,0.024355885
2,1005,0.089285605
2,1006,0.049940344
2,1007,0.18178415
2,1008,0.04746696
2,1009,0.13717753
2,1010,0.051487233
2,1011,0.08842551
2,1012,0.10315394
2,1013,0.011147256
2,1014,0.07839226
2,1015,0.028152939
2,1016,0.108002745
2,1017,0.07805245
2,1018,0.12164455
2,1019,0.013741846
2,1020,0.032828387
2,1021,0.07065039
2,1022,0.045870777
2,1023,0.07932424
2,1024,0.09573846
2,1025,0.06022739
2,1026,0.00481617
2,1027,0.06413864
2,1028,0.11511307
2,1029,0.15642029
2,1030,0.010914828
2,1031,0.059115347
2,1032,0.14703596
2,1033,0.0601055
2,1034,0.040276524
2,1035,0.0820772
2,1036,0.020006236
2,1037,0.029041525
2,1038,0.03972661
2,1039,0.09706878
2,1040,0.06769388
2,1041,0.1326766
2,1042,0.12592745
2,1043,0.032640215
2,1044,0.027875599
2,1045,0.1211301
2,1046,0.019021269
2,1047,0.004693742
2,1048,0.10868653
2,1049,0.031909283
2,1050,0.08228808
2,1051,0.13470757
2,1052,0.1472682
2,1053,0.009808655
2,1054,0.04120707
2,1055,0.024586078
2,1056,0.08612882
2,1057,0.01590037
2,1058,0.08558702
2,1059,0.1041772
2,1060,0.07913964
2,1061,0.080443434
2,1062,0.0031722141
2,1063,0.057075497
2,1064,0.023976978
2,1065,0.003901179
2,1066,0.021263536
2,1067,0.040193256
2,1068,0.149521
2,1069,0.076473646
2,1070,0.0082508875
2,1071,0.013830896
2,1072,0.1312887
2,1073,0.0349459
2,1074,0.048251864
2,1075,0.00030064117
2,1076,0.025159385
2,1077,0.06560933
2,1078,0.07989695
2,1079,0.035154577
2,1080,0.014218743
2,1081,0.10679238
2,1082,0.11186486
2,1083,0.025647637
2,1084,0.12348979
2,1085,0.04547983
2,1086,0.13323855
2,1087,0.057334658
2,1088,0.074926965
2,1089,0.061984356
2,1090,0.136175
2,1091,0.22602499
2,1092,0.06218564
2,1093,0.007692273
2,1094,0.14212042
2,1095,0.035596844
2,1096,0.019923743
2,1097,0.039064523
2,1098,0.08503371
2,1099,0.15009806
2,1100,0.05879837
2,1101,0.094432764
2,1102,-0.001716678
2,1103,0.087948255
2,1104,0.08604395
2,1105,0.058285233
2,1106,-0.004145627
2,1107,0.07663994
2,1108,0.14259344
2,1109,0.052244212
2,1110,0.004158075
2,1111,0.19182253
2,1112,0.047366675
2,1113,0.05309212
2,1114,0.00869524
2,1115,0.13308829
2,1116,0.20840177
2,1117,0.038275655
2,1118,0.14681959
2,1119,0.004473443
2,1120,0.042737838
2,1121,0.07337534
2,1122,0.1508581
2,1123,0.007561798
2,1124,0.091839366
2,1125,0.08837306
2,1126,0.18487066
2,1127,0.14950317
2,1128,0.008829887
2,1129,0.06743529
2,1130,0.008941348
2,1131,0.040669795
2,1132,0.05507147
2,1133,-0.003257935
2,1134,0.21105582
2,1135,0.13234502
2,1136,0.00434428
2,1137,0.058114585
2,1138,0.0707156
2,1139,0.25114644
2,1140,0.07548141
2,1141,0.1586659
2,1142,0.05960953
2,1143,0.15836379
2,1144,0.034447726
2,1145,0.053481754
2,1146,0.09681665
2,1147,0.18881392
2,1148,0.018171724
2,1149,0.14348972
2,1150,0.08853059
2,1151,0.16902584
2,1152,0.1458796
2,1153,0.0742098
2,1154,0.0021307422
2,1155,0.032890555
2,1156,0.07523488
2,1157,0.04906666
2,1158,0.018814113
2,1159,0.008582468
2,1160,0.031196114
2,1161,0.055776294
2,1162,0.10199701
2,1163,0.011648233
2,1164,0.03526729
2,1165,0.003510411
2,1166,0.05407655
2,1167,0.035586532
2,1168,0.01656824
2,1169,0.058800276
2,1170,0.041155633
2,1171,0.0072915507
2,1172,0.07405137
2,1173,0.009424741
2,1174,0.054959472
2,1175,0.10980081
2,1176,0.065796845
2,1177,0.11833038
2,1178,0.013533021
2,1179,0.13365412
2,1180,0.04450607
2,1181,0.16975433
2,1182,-0.004561727
2,1183,0.047371563
2,1184,0.011903877
2,1185,0.036195394
2,1186,0.024108317
2,1187,0.058535453
2,1188,0.05998486
2,1189,0.023661908
2,1190,0.09132015
2,1191,-0.00024116505
2,1192,0.06869423
2,1193,0.04911321
2,1194,0.17543125
2,1195,0.15036154
2,1196,0.08722412
2,1197,0.07483249
2,1198,0.11561959
2,1199,0.08248716
2,1200,0.030332562
2,1201,0.096825294
2,1202,0.013546641
2,1203,0.055052515
2,1204,0.014928455
2,1205,0.15279609
2,1206,0.029568847
2,1207,0.084563546
2,1208,0.112323545
2,1209,0.017756578
2,1210,0.1364063
2,1211,0.019428637
2,1212,0.07019483
2,1213,0.061165627
2,1214,0.11900704
2,1215,-0.001749997
2,1216,0.078503065
2,1217,0.038762566
2,1218,0.14400727
2,1219,0.046846565
2,1220,0.037781116
2,1221,0.04878461
2,1222,0.11216145
2,1223,0.037931856
2,1224,0.048515555
2,1225,0.057780262
2,1226,0.026770946
2,1227,0.03350359
2,1228,0.02171522
2,1229,0.11741
2,1230,0.05194032
2,1231,0.16285688
2,1232,0.056135412
2,1233,0.16633564
2,1234,0.051940884
2,1235,0.03527343
2,1236,0.010333474
2,1237,0.06415098
2,1238,0.06731897
2,1239,0.025284704
2,1240,-0.002528851
2,1241,0.013870056
2,1242,0.09327143
2,1243,0.008785064
2,1244,0.054458674
2,1245,0.10116928
2,1246,0.03510755
2,1247,0.026447888
2,1248,0.05774134
2,1249,0.024532553
2,1250,0.08676004
2,1251,0.16095865
2,1252,0.04215103
2,1253,0.030434724
2,1254,0.0915898
2,1255,0.065144055
2,1256,0.0120899035
2,1257,0.052179452
2,1258,0.00258034
2,1259,0.021829065
2,1260,0.067791454
2,1261,0.12373971
2,1262,0.052587625
2,1263,0.07019066
2,1264,-0.003442292
2,1265,0.08910488
2,1266,0.034196373
2,1267,0.0026796414
2,1268,0.01936632
2,1269,0.009099002
2,1270,0.03348535
2,1271,0.041248914
2,1272,0.04572099
2,1273,0.005627568
2,1274,0.117250554
2,1275,0.09770071
2,1276,0.008580442
2,1277,0.0431115
2,1278,0.08396762
2,1279,0.008775051
2,1280,0.08462422
2,1281,0.0110407425
2,1282,0.069865935
2,1283,0.024276491
2,1284,0.018447097
2,1285,0.03492939
2,1286,0.07403945
2,1287,0.036129173
2,1288,0.08646827
2,1289,0.0011165692
2,1290,0.113645785
2,1291,0.078326695
2,1292,0.05302989
2,1293,0.060380097
2,1294,0.013019736
2,1295,0.029767152
2,1296,0.020973738
2,1297,0.055168565
2,1298,0.017671939
2,1299,-0.0008654045
2,1300,0.033481833
2,1301,0.10036474
2,1302,0.02792674
2,1303,0.023508187
2,1304,0.011675204
2,1305,0.013256188
2,1306,0.033035155
2,1307,0.119508915
2,1308,0.06694024
2,1309,0.19623134
2,1310,0.0464687
2,1311,0.0016217185
2,1312,0.19353247
2,1313,0.103392296
2,1314,0.0802049
2,1315,0.017130729
2,1316,0.12865311
2,1317,0.23871082
2,1318,0.1725192
2,1319,0.07812267
2,1320,0.06653189
2,1321,0.07384222
2,1322,0.020085033
2,1323,0.08413314
2,1324,0.058453258
2,1325,0.038479444
2,1326,0.013623889
2,1327,0.026768442
2,1328,0.08767044
2,1329,0.11051994
2,1330,0.13542247
2,1331,0.0049999906
2,1332,0.0119130565
2,1333,0.08303081
2,1334,0.052148487
2,1335,0.065344326
2,1336,0.20334983
2,1337,0.029534306
2,1338,0.029888507
2,1339,0.16621014
2,1340,0.074310176
2,1341,0.08619886
2,1342,0.039735194
2,1343,0.06467556
2,1344,0.012329931
2,1345,0.09177201
2,1346,0.053130385
2,1347,0.09320914
2,1348,0.050707337
2,1349,0.018211838
2,1350,0.09395283
2,1351,0.1060385
2,1352,0.059169587
2,1353,0.072017424
2,1354,0.027446207
2,1355,0.06114256
2,1356,0.040272947
2,1357,0.015307124
2,1358,0.027454074
2,1359,0.041731056
2,1360,0.04695761
2,1361,-0.0017123269
2,1362,0.052922603
2,1363,0.018649455
2,1364,0.09966915
2,1365,0.026837464
2,1366,0.14158976
2,1367,0.015951093
2,1368,0.04248261
2,1369,0.058824774
2,1370,0.1120547
2,1371,0.02153289
2,1372,0.116101615
2,1373,0.13489401
2,1374,0.022521611
2,1375,0.080232255
2,1376,0.06521606
2,1377,0.12608415
2,1378,0.10986363
2,1379,0.058641013
2,1380,0.09412896
2,1381,0.054705497
2,1382,0.10715412
2,1383,0.029129323
2,1384,0.095967226
2,1385,0.048394497
2,1386,0.03772473
2,1387,0.07021832
2,1388,0.0042284084
2,1389,0.007893021
2,1390,0.048227247
2,1391,0.09113305
2,1392,0.09717541
2,1393,0.07922881
2,1394,0.107560806
2,1395,0.0467506
2,1396,0.066918604
2,1397,0.043028887
2,1398,0.09575438
2,1399,0.08347457
2,1400,-0.0023921775
2,1401,-0.0014169263
2,1402,0.05632442
2,1403,0.05736285
2,1404,0.080417745
2,1405,0.08354085
2,1406,0.030969437
2,1407,0.03102481
2,1408,0.16319564
2,1409,0.0059630824
2,1410,0.051714715
2,1411,0.028607722
2,1412,0.043621834
2,1413,0.009167965
2,1414,0.0964623
2,1415,0.103858404
2,1416,0.062454637
2,1417,0.044342753
2,1418,0.07928204
2,1419,0.032437142
2,1420,0.015982505
2,1421,0.04215556
2,1422,0.07715654
2,1423,0.05918437
2,1424,0.06734895
2,1425,-0.0013178037
2,1426,0.10525703
2,1427,0.0015457822
2,1428,0.045691308
2,1429,0.0035849167
2,1430,0.05815458
2,1431,0.014406736
2,1432,0.05134296
2,1433,0.041052934
2,1434,0.065237634
2,1435,0.08812197
2,1436,0.03786176
2,1437,0.03488284
2,1438,0.11527055
2,1439,0.065330975
2,1440,0.1827904
2,1441,0.08972
2,1442,0.047719654
2,1443,0.09944069
2,1444,0.026908752
2,1445,0.012205358
2,1446,0.1001892
2,1447,0.021117326
2,1448,0.02156132
2,1449,0.16405496
2,1450,0.0693224
2,1451,0.021568295
2,1452,0.051645037
2,1453,0.039553102
2,1454,0.032958504
2,1455,0.15007195
2,1456,0.108157806
2,1457,0.11860167
2,1458,0.027318891
2,1459,0.05220711
2,1460,0.10805326
2,1461,0.09294223
2,1462,0.089205675
2,1463,0.015701052
2,1464,0.059224423
2,1465,0.05172765
2,1466,0.03815585
2,1467,0.023092683
2,1468,0.05610996
2,1469,0.10612088
2,1470,0.009056146
2,1471,0.098007254
2,1472,-0.0031153606
2,1473,0.12399798
2,1474,0.077796035
2,1475,0.03754991
2,1476,0.062327024
2,1477,-0.0049332427
2,1478,0.016392823
2,1479,0.013701136
2,1480,0.01358151
2,1481,0.10154384
2,1482,0.0349881
2,1483,0.063533
2,1484,0.011472638
2,1485,0.019668218
2,1486,0.120550685
2,1487,0.100704186
2,1488,0.1587717
2,1489,0.10360419
2,1490,0.002541746
2,1491,0.032769438
2,1492,0.02099448
2,1493,0.09150594
2,1494,0.006680305
2,1495,0.01991504
2,1496,0.046821114
2,1497,0.0088105155
2,1498,0.045069154
2,1499,0.07580017
2,1500,0.007822747
2,1501,0.023728605
2,1502,0.023920711
2,1503,0.002807076
2,1504,0.08364936
2,1505,0.058829244
2,1506,0.03552359
2,1507,0.054438766
2,1508,0.0033049537
2,1509,0.106172554
2,1510,0.051347133
2,1511,0.008018549
2,1512,0.06599801
2,1513,0.16022366
2,1514,0.13089627
2,1515,0.017321642
2,1516,0.055836555
2,1517,0.070669524
2,1518,0.011681492
2,1519,0.041170534
2,1520,0.012612457
2,1521,0.056567963
2,1522,0.030879136
2,1523,0.011017914
2,1524,0.039422926
2,1525,0.13649279
2,1526,0.0076231314
2,1527,0.021473821
2,1528,0.006145115
2,1529,0.06687992
2,1530,0.050880846
2,1531,0.09968697
2,1532,0.012109156
2,1533,0.11035865
2,1534,0.050988313
2,1535,-0.0024213837
2,1536,0.02969813
2,1537,0.18454486
2,1538,0.08646207
2,1539,0.05052137
2,1540,-0.0047846483
2,1541,0.0081970645
2,1542,0.032647964
2,1543,0.08565389
2,1544,0.0047622276
2,1545,0.1742444
2,1546,0.036272403
2,1547,0.057274994
2,1548,0.020704206
2,1549,0.00477391
2,1550,0.1835894
2,1551,0.06774592
2,1552,0.08524006
2,1553,0.06972825
2,1554,0.07396381
2,1555,0.0055109216
2,1556,-0.0022639679
2,1557,0.15473342
2,1558,0.049216326
2,1559,-8.875597e-05
2,1560,0.027447756
2,1561,0.025566515
2,1562,0.1854366
2,1563,0.15021145
2,1564,0.037007865
2,1565,0.14970013
2,1566,0.03942686
2,1567,0.028359767
2,1568,0.07926708
2,1569,0.009545858
2,1570,0.12482133
2,1571,0.017142054
2,1572,0.0355283
2,1573,0.08694511
2,1574,0.0028582765
2,1575,0.06659525
2,1576,0.038589176
2,1577,0.046024438
2,1578,0.028987642
2,1579,0.04311156
2,1580,0.046038028
2,1581,0.007332797
2,1582,0.012113686
2,1583,0.054499146
2,1584,0.12568527
2,1585,0.041352507
2,1586,0.041434404
2,1587,0.0019553257
2,1588,0.019787308
2,1589,0.03147858
2,1590,0.05138534
2,1591,0.052442547
2,1592,0.007073696
2,1593,0.021937665
2,1594,0.13268882
2,1595,0.023882087
2,1596,0.06155252
2,1597,0.115555815
2,1598,0.016279098
2,1599,0.053339656
2,1600,0.027177807
2,1601,0.09588104
2,1602,0.1567905
2,1603,0.15483558
2,1604,0.06782984
2,1605,0.024714466
2,1606,0.019259032
2,1607,0.040796634
2,1608,-0.004759376
2,1609,0.08386385
2,1610,0.1616242
2,1611,0.05592191
2,1612,0.1206082
2,1613,0.124761455
2,1614,0.013612862
2,1615,0.0109920455
2,1616,0.2599098
2,1617,0.039160725
2,1618,0.008407886
2,1619,0.025841948
2,1620,0.10309016
2,1621,0.044612464
2,1622,0.038625237
2,1623,0.0040186
2,1624,0.03033894
2,1625,0.13715136
2,1626,0.12685716
2,1627,0.023175951
2,1628,0.1963019
2,1629,0.09188228
2,1630,0.04720634
2,1631,-0.0014125155
2,1632,0.0070881797
2,1633,0.05107599
2,1634,0.015488501
2,1635,0.03817224
2,1636,0.033990975
2,1637,0.07596695
2,1638,0.03030115
2,1639,0.08450066
2,1640,0.0076062037
2,1641,0.012932892
2,1642,0.03489339
2,1643,0.11559265
2,1644,0.015577133
2,1645,0.04034191
2,1646,0.015066619
2,1647,0.022040602
2,1648,0.016374644
2,1649,0.13839167
2,1650,0.09286987
2,1651,0.017795023
2,1652,0.0012864424
2,1653,0.007973905
2,1654,0.04365563
2,1655,0.041531797
2,1656,0.078186505
2,1657,0.085018
2,1658,0.06803971
2,1659,0.061612066
2,1660,0.07959228
2,1661,0.16401064
2,1662,0.11655145
2,1663,0.062388238
2,1664,0.037191328
2,1665,0.07086598
2,1666,0.09193384
2,1667,0.032014664
2,1668,0.045640465
2,1669,0.009538944
2,1670,0.0057865335
2,1671,0.11103576
2,1672,0.0027891947
2,1673,0.07575243
2,1674,0.039020237
2,1675,0.03198522
2,1676,0.20546532
2,1677,0.11972641
2,1678,0.15118971
2,1679,0.05050766
2,1680,0.11384868
2,1681,0.008216019
2,1682,0.08131688
2,1683,0.03863817
2,1684,0.11312597
2,1685,0.050246593
2,1686,0.07821982
2,1687,0.0067013456
2,1688,0.022888776
2,1689,0.05652934
2,1690,0.01356643
2,1691,0.03596836
2,1692,0.020844575
2,1693,0.13208777
2,1694,0.13892752
2,1695,0.09306603
2,1696,0.00948828
2,1697,0.054243263
2,1698,0.023600336
2,1699,0.094903104
2,1700,0.030905541
2,1701,0.006672199
2,1702,-0.0043767737
2,1703,0.14921966
2,1704,0.05514973
2,1705,0.057481404
2,1706,0.094352536
2,1707,0.18207163
2,1708,0.038353976
2,1709,0.100190334
2,1710,0.12584743
2,1711,0.058230575
2,1712,0.0014025522
2,1713,0.0529865
2,1714,0.009195919
2,1715,0.01901358
2,1716,-0.0017787861
2,1717,0.12374457
2,1718,0.08883982
2,1719,0.079176955
2,1720,0.034381565
2,1721,0.0497477
2,1722,0.048135873
2,1723,0.14449
2,1724,0.0272693
2,1725,0.047883447
2,1726,0.032293793
2,1727,0.09162354
2,1728,0.043671366
2,1729,0.016721722
2,1730,-0.0023416923
2,1731,0.07545819
2,1732,0.06138658
2,1733,0.09017249
2,1734,0.05313432
2,1735,0.037330385
2,1736,0.0033849431
2,1737,0.047758278
2,1738,0.10671573
2,1739,0.12080788
2,1740,0.012072022
2,1741,0.024085458
2,1742,0.04200321
2,1743,0.023620363
2,1744,0.025264617
2,1745,0.111533515
2,1746,0.12624079
2,1747,0.012409146
2,1748,0.10065805
2,1749,-0.0047532367
2,1750,0.06096595
2,1751,0.047459777
2,1752,-0.0009861635
2,1753,0.0005066944
2,1754,0.031389948
2,1755,0.05044454
2,1756,0.059344586
2,1757,0.16938138
2,1758,0.039737638
2,1759,0.035299953
2,1760,0.095129006
2,1761,0.090654634
2,1762,0.11644351
2,1763,0.09575539
2,1764,0.03094798
2,1765,0.047059324
2,1766,0.05228817
2,1767,0.011849935
2,1768,0.074981265
2,1769,0.15679479
2,1770,0.09336191
2,1771,0.21952993
2,1772,-0.0045256065
2,1773,0.12405824
2,1774,0.026195105
2,1775,0.06395971
2,1776,0.12937099
2,1777,0.026688453
2,1778,0.011234994
2,1779,0.0314379
2,1780,0.014411922
2,1781,0.115569524
2,1782,0.06025749
2,1783,0.18472505
2,1784,0.02524608
2,1785,0.08314406
2,1786,0.120796435
2,1787,0.2657267
2,1788,0.028903898
2,1789,0.0852214
2,1790,0.09915238
2,1791,0.18211383
2,1792,0.05425113
2,1793,0.035327908
2,1794,0.057866927
2,1795,0.012786801
2,1796,0.048058745
2,1797,0.08690568
2,1798,0.03146654
2,1799,0.03872424
2,1800,0.043118652
2,1801,0.02120578
2,1802,0.052836712
2,1803,0.049905952
2,1804,0.018402632
2,1805,0.086326115
2,1806,0.021908637
2,1807,0.16216457
2,1808,0.030855354
2,1809,0.045536812
2,1810,0.003450836
2,1811,0.004241462
2,1812,0.09553658
2,1813,0.052924868
2,1814,0.14117643
2,1815,0.041878935
2,1816,0.006927605
2,1817,0.10113
2,1818,0.07351356
2,1819,0.16641212
2,1820,0.036553677
2,1821,-0.0047941254
2,1822,0.10026621
2,1823,0.05553424
2,1824,0.025652226
2,1825,0.12037765
2,1826,0.153866
2,1827,0.00083159935
2,1828,0.11052366
2,1829,-0.004580264
2,1830,0.018395033
2,1831,0.007845576
2,1832,0.030122932
2,1833,0.061738845
2,1834,0.04004216
2,1835,0.017994042
2,1836,0.042619523
2,1837,0.015771028
2,1838,0.108144335
2,1839,0.060335156
2,1840,0.0366345
2,1841,0.022122081
2,1842,0.09062373
2,1843,0.09736078
2,1844,0.009389455
2,1845,0.0337941
2,1846,0.029002246
2,1847,0.091857724
2,1848,0.07847797
2,1849,0.16879475
2,1850,0.067339204
2,1851,0.07896995
2,1852,0.07460063
2,1853,0.06331574
2,1854,0.052532848
2,1855,0.066904925
2,1856,0.079211466
2,1857,0.008484359
2,1858,0.060810383
2,1859,0.07927471
2,1860,0.000714059
2,1861,0.015294905
2,1862,0.100208156
2,1863,0.12254863
2,1864,0.120371334
2,1865,0.15013361
2,1866,-0.003527169
2,1867,0.118838124
2,1868,-0.0046466636
2,1869,0.04509693
2,1870,0.12364244
2,1871,0.14920306
2,1872,0.010694738
2,1873,0.11221846
2,1874,0.12740493
2,1875,0.06423517
2,1876,0.1320324
2,1877,-0.004411881
2,1878,0.08430456
2,1879,0.0730684
2,1880,0.040820953
2,1881,0.11346739
2,1882,0.07623368
2,1883,0.061801847
2,1884,0.034799095
2,1885,-0.0046406435
2,1886,0.06691336
2,1887,0.06933283
2,1888,0.011168177
2,1889,0.110300325
2,1890,0.09095245
2,1891,0.1219024
2,1892,0.058300044
2,1893,0.08923667
2,1894,-0.0004431652
2,1895,0.13799596
2,1896,0.10668283
2,1897,0.27617908
2,1898,0.13062191
2,1899,0.041996952
2,1900,0.08709272
2,1901,0.15579328
2,1902,0.07282775
2,1903,0.0276612
2,1904,0.012457783
2,1905,0.003462608
2,1906,0.15157253
2,1907,0.036361154
2,1908,0.11705416
2,1909,0.095937155
2,1910,0.06275859
2,1911,0.054853138
2,1912,0.00797617
2,1913,0.023616787
2,1914,0.06955265
2,1915,0.008625503
2,1916,0.05838227
2,1917,0.12356799
2,1918,0.20676517
2,1919,0.03679132
2,1920,0.05673557
2,1921,0.053736564
2,1922,0.008796747
2,1923,0.1179186
2,1924,0.27484494
2,1925,0.16568226
2,1926,0.008293326
2,1927,0.11537471
2,1928,0.076891296
2,1929,0.08134305
2,1930,0.075406544
2,1931,0.118613325
2,1932,0.04730546
2,1933,0.19567889
2,1934,0.029884096
2,1935,0.058453854
2,1936,0.15326941
2,1937,0.043923374
2,1938,0.08941244
2,1939,0.18788397
2,1940,0.08097588
2,1941,0.17817324
2,1942,0.0974816
2,1943,0.2234304
2,1944,0.12553802
2,1945,0.045233306
2,1946,0.0073595
2,1947,0.11824658
2,1948,0.030196246
2,1949,0.059663024
2,1950,0.026000794
2,1951,0.1056295
2,1952,0.026133593
2,1953,0.088677876
2,1954,0.13509712
2,1955,0.044472035
2,1956,0.08773806
2,1957,0.025902268
2,1958,0.034694966
2,1959,0.04248118
2,1960,0.041984376
2,1961,0.23290122
2,1962,0.12974423
2,1963,0.063211136
2,1964,0.024312135
2,1965,0.00054817926
2,1966,0.16803664
2,1967,0.012828405
2,1968,0.17823523
2,1969,0.17397937
2,1970,0.0068113757
2,1971,0.14456487
2,1972,0.034358677
2,1973,0.033927437
2,1974,-0.003402953
2,1975,0.14394164
2,1976,0.1419181
2,1977,0.121916704
2,1978,0.050182816
2,1979,0.17376933
2,1980,0.008621152
2,1981,0.09957176
2,1982,0.0726208
2,1983,-0.0021517323
2,1984,0.018983658
2,1985,0.11754572
2,1986,0.02650499
2,1987,0.08205711
2,1988,0.07421636
2,1989,0.21047843
2,1990,0.11683362
2,1991,0.09142523
2,1992,0.0062814904
2,1993,0.018746462
2,1994,0.06648796
2,1995,0.1188181
2,1996,0.113181554
2,1997,0.04480159
2,1998,0.04601371
2,1999,0.07737147
2,2000,0.052122917
2,2001,0.17393035
2,2002,0.00560009
2,2003,0.080045156
2,2004,0.041472252
2,2005,0.1425587
2,2006,0.025034782
2,2007,0.19456291
2,2008,0.083630435
2,2009,0.05857938
2,2010,0.07807665
2,2011,0.12642342
2,2012,0.07034641
2,2013,0.15394586
2,2014,0.10907417
2,2015,0.0695148
2,2016,0.17073119
2,2017,0.0015112711
2,2018,0.04961693
2,2019,0.15438926
2,2020,0.08276408
2,2021,0.13199669
2,2022,0.06715792
2,2023,0.12885946
2,2024,0.24865592
2,2025,0.15907562
2,2026,0.007851298
2,2027,0.110675626
2,2028,0.028018352
2,2029,0.014647181
2,2030,0.17156261
2,2031,0.10877686
2,2032,0.07357412
2,2033,0.027934488
2,2034,0.09041684
2,2035,0.05480578
2,2036,0.2284162
2,2037,0.04527032
2,2038,0.14850459
2,2039,0.1833356
2,2040,0.034483965
2,2041,0.08493542
2,2042,0.003268714
2,2043,0.03722399
2,2044,0.09953778
2,2045,0.20642585
2,2046,0.006589408
2,2047,0.020713326
2,2048,0.1198312
2,2049,0.05313113
2,2050,0.19548747
2,2051,0.082858376
2,2052,0.056979533
2,2053,0.020051446
2,2054,0.090455644
2,2055,0.06573998
2,2056,0.02164441
2,2057,0.09316366
2,2058,0.102239065
2,2059,0.04837006
2,2060,0.15726268
2,2061,0.08917873
2,2062,0.022991117
2,2063,0.114568464
2,2064,0.13716626
2,2065,0.07381015
2,2066,-0.00014478434
2,2067,0.19973308
2,2068,0.04029202
2,2069,0.04351109
2,2070,0.22724655
2,2071,0.066805296
2,2072,0.058509942
2,2073,0.016152497
2,2074,0.0004396988
2,2075,0.026971158
2,2076,0.024781939
2,2077,0.07377564
2,2078,0.00856405
2,2079,0.029685374
2,2080,-0.0043953704
2,2081,0.0042829467
2,2082,0.078472964
2,2083,0.038474377
2,2084,0.0042951657
2,2085,0.16597503
2,2086,0.050190803
2,2087,0.15910053
2,2088,0.09876227
2,2089,-0.0040605115
2,2090,0.15495235
2,2091,0.053926047
2,2092,0.08942329
2,2093,0.13166332
2,2094,0.022479769
2,2095,0.009318705
2,2096,0.102138154
2,2097,0.035364088
2,2098,0.06954115
2,2099,0.014996345
2,2100,0.12588692
2,2101,0.05094677
2,2102,0.026478346
2,2103,0.09762549
2,2104,0.10789993
2,2105,0.07269447
2,2106,0.15134591
2,2107,0.118292384
2,2108,0.18446273
2,2109,-0.0036668228
2,2110,0.022129294
2,2111,0.09289514
2,2112,0.03970855
2,2113,0.19568357
2,2114,0.19928476
2,2115,0.015420551
2,2116,0.08841508
2,2117,0.10359626
2,2118,0.10012191
2,2119,0.088970535
2,2120,0.12408196
2,2121,0.009491737
2,2122,0.031221744
2,2123,0.0068795634
2,2124,0.11649158
2,2125,0.093358
2,2126,0.08959382
2,2127,0.09387421
2,2128,0.05695131
2,2129,0.04741698
2,2130,0.024293836
2,2131,0.06832402
2,2132,0.13221705
2,2133,0.06969135
2,2134,0.1521582
2,2135,0.029229518
2,2136,-0.0025472688
2,2137,0.059964534
2,2138,0.14506537
2,2139,0.050269958
2,2140,0.20714751
2,2141,0.08995696
2,2142,0.06041884
2,2143,0.0771647
2,2144,0.017023083
2,2145,0.0405814
2,2146,0.099195234
2,2147,-0.0017132806
2,2148,0.07599556
2,2149,0.064175
2,2150,0.012660201
2,2151,0.04412287
2,2152,0.09416377
2,2153,0.048246022
2,2154,0.091560535
2,2155,0.17548662
2,2156,0.060442027
2,2157,0.013058717
2,2158,0.048422094
2,2159,0.11724239
2,2160,-0.004784231
2,2161,0.009777035
2,2162,0.054360535
2,2163,0.0073909713
2,2164,0.07708394
2,2165,0.022635218
2,2166,0.045806225
2,2167,0.15953296
2,2168,0.08785146
2,2169,0.009710307
2,2170,0.034133907
2,2171,0.0012770249
2,2172,0.09384888
2,2173,0.10235744
2,2174,0.07767432
2,2175,0.11324447
2,2176,0.041632827
2,2177,0.015300806
2,2178,0.04974329
2,2179,0.064960115
2,2180,0.0056685163
2,2181,0.0415675
2,2182,0.10387289
2,2183,0.07445424
2,2184,0.0573464
2,2185,0.022163626
2,2186,0.01066416
2,2187,0.008454437
2,2188,0.08221757
2,2189,0.028705176
2,2190,0.023435589
2,2191,0.04959267
2,2192,0.001827891
2,2193,0.017304417
2,2194,0.11494892
2,2195,0.1153556
2,2196,0.12735528
2,2197,0.06113833
2,2198,0.031306323
2,2199,0.013143118
2,2200,0.014438803
2,2201,0.07203
2,2202,0.074471645
2,2203,0.0014016582
2,2204,0.041272994
2,2205,0.12663215
2,2206,0.0208168
2,2207,-0.0012220191
2,2208,0.08776938
2,2209,0.017665263
2,2210,0.032630917
2,2211,0.10391181
2,2212,0.061027642
2,2213,0.13415909
2,2214,0.037747856
2,2215,0.056910064
2,2216,0.061509844
2,2217,0.016137179
2,2218,0.14121181
2,2219,-0.00082749594
2,2220,0.07473814
2,2221,0.06355082
2,2222,0.090836756
2,2223,-0.0044662403
2,2224,0.03321516
2,2225,0.20417333
2,2226,0.09025156
2,2227,0.06504267
2,2228,-0.0022368478
2,2229,0.08985143
2,2230,0.16516343
2,2231,0.0130143715
2,2232,0.03998929
2,2233,-0.0005332874
2,2234,0.14423612
2,2235,0.007905598
2,2236,0.007885392
2,2237,0.030547317
2,2238,0.02882373
2,2239,0.03060558
2,2240,0.029245075
2,2241,0.018699463
2,2242,0.009993608
2,2243,0.018165823
2,2244,0.068962924
2,2245,0.123972766
2,2246,0.115305
2,2247,0.071677916
2,2248,0.16961616
2,2249,0.07569324
2,2250,0.04610544
2,2251,0.108880274
2,2252,0.13284218
2,2253,0.106803946
2,2254,0.03523695
2,2255,-0.0038226293
2,2256,-0.004175131
2,2257,0.0049330248
2,2258,0.05297869
2,2259,0.02405041
2,2260,0.13124853
2,2261,0.044173177
2,2262,0.16762114
2,2263,0.056130406
2,2264,0.059527095
2,2265,0.015689518
2,2266,0.21711034
2,2267,0.14646977
2,2268,0.05858689
2,2269,0.11089962
2,2270,0.02741569
2,2271,0.073449425
2,2272,0.06994497
2,2273,0.068521075
2,2274,0.099412315
2,2275,0.03646868
2,2276,0.02682
2,2277,0.01810735
2,2278,0.07742759
2,2279,0.23399752
2,2280,0.017278071
2,2281,0.045354065
2,2282,0.051147457
2,2283,0.10586428
2,2284,0.008827205
2,2285,0.0809521
2,2286,0.055864688
2,2287,0.07134359
2,2288,0.015073295
2,2289,0.10323452
2,2290,0.21969637
2,2291,0.032486316
2,2292,-0.00039649475
2,2293,0.06992697
2,2294,0.002324636
2,2295,0.07276755
2,2296,0.004301603
2,2297,0.029949721
2,2298,0.068326585
2,2299,0.031643506
2,2300,0.05359402
2,2301,0.021493014
2,2302,0.1043263
2,2303,0.0242556
2,2304,0.07670214
2,2305,0.15604585
2,2306,0.14391404
2,2307,0.14105001
2,2308,0.045816597
2,2309,0.106551014
2,2310,0.15250683
2,2311,0.06562268
2,2312,0.07419982
2,2313,0.048185345
2,2314,0.10801973
2,2315,0.022028442
2,2316,0.059563693
2,2317,0.04067033
2,2318,0.03890979
2,2319,0.0054643704
2,2320,0.069372855
2,2321,0.08779808
2,2322,0.0011749221
2,2323,0.22511172
2,2324,0.054239806
2,2325,0.099315636
2,2326,0.19026875
2,2327,0.09598111
2,2328,0.09380608
2,2329,0.11418878
2,2330,0.066475265
2,2331,0.07996487
2,2332,0.1686719
2,2333,0.06531619
2,2334,0.053123053
2,2335,0.01703268
2,2336,0.033390846
2,2337,0.03388494
2,2338,0.018805142
2,2339,0.009538288
2,2340,0.055901494
2,2341,0.09789174
2,2342,0.086932294
2,2343,0.049147006
2,2344,0.03008547
2,2345,0.06364196
2,2346,0.04063433
2,2347,0.19866318
2,2348,0.038907345
2,2349,0.031052884
2,2350,0.09785669
2,2351,0.0039779497
2,2352,0.12491011
2,2353,0.065899245
2,2354,-0.0017273771
2,2355,0.06495296
2,2356,0.12860858
2,2357,0.088712506
2,2358,0.06460809
2,2359,0.04359847
2,2360,0.053448882
2,2361,0.06932639
2,2362,0.042682882
2,2363,0.054716464
2,2364,0.005844529
2,2365,0.0063202335
2,2366,0.06454312
2,2367,0.05821919
2,2368,0.044367727
2,2369,0.13266504
2,2370,0.037849393
2,2371,0.102421395
2,2372,0.06348353
2,2373,0.003342445
2,2374,0.035545524
2,2375,0.012061651
2,2376,0.024047311
2,2377,0.051646348
2,2378,0.011759664
2,2379,0.031819936
2,2380,0.02257305
2,2381,0.013126696
2,2382,0.0077109886
2,2383,0.032987174
2,2384,0.07375046
2,2385,0.09486615
2,2386,0.044024225
2,2387,0.002989526
2,2388,0.008105035
2,2389,0.082360975
2,2390,0.007532413
2,2391,0.07081949
2,2392,0.060214814
2,2393,0.05382746
2,2394,0.08951079
2,2395,0.17703539
2,2396,-0.00435776
2,2397,0.013066049
2,2398,0.043240424
2,2399,0.11331176
2,2400,0.020593401
2,2401,0.0066857887
2,2402,0.0019555641
2,2403,0.023078319
2,2404,0.1161462
2,2405,0.07571524
2,2406,0.04109722
2,2407,0.007518406
2,2408,0.02370691
2,2409,0.025487002
2,2410,0.1388163
2,2411,0.052982803
2,2412,0.08471333
2,2413,0.124781124
2,2414,0.10142323
2,2415,0.09645247
2,2416,0.016763743
2,2417,0.11064499
2,2418,0.010152872
2,2419,0.09826248
2,2420,0.02199119
2,2421,0.15096897
2,2422,0.089060895
2,2423,0.04257148
2,2424,0.0324437
2,2425,0.048502322
2,2426,0.059305128
2,2427,0.07141762
2,2428,0.018916544
2,2429,0.12818247
2,2430,0.09164774
2,2431,0.05612215
2,2432,0.06995421
2,2433,0.02756631
2,2434,0.039810415
2,2435,0.06960245
2,2436,0.057173785
2,2437,0.073978595
2,2438,0.037550803
2,2439,0.0021915985
2,2440,0.051385876
2,2441,0.09918731
2,2442,0.05100506
2,2443,0.06570607
2,2444,0.10284018
2,2445,0.017492529
2,2446,0.028435882
2,2447,0.016352471
2,2448,0.026686426
2,2449,0.021361645
2,2450,0.11921155
2,2451,0.10177075
2,2452,0.07129335
2,2453,0.083604835
2,2454,0.041556712
2,2455,0.020597275
2,2456,0.1614424
2,2457,0.11591949
2,2458,0.12127977
2,2459,0.16166025
2,2460,-0.0034229802
2,2461,0.05223697
2,2462,0.0050733937
2,2463,0.09309321
2,2464,0.033858832
2,2465,0.10327696
2,2466,0.095916085
2,2467,0.015516694
2,2468,0.031049963
2,2469,0.11859595
2,2470,0.01365536
2,2471,0.07225268
2,2472,0.0305016
2,2473,0.100464456
2,2474,0.25503388
2,2475,0.024460431
2,2476,0.020487603
2,2477,0.08726763
2,2478,-0.00012958515
2,2479,0.038771268
2,2480,0.1325174
2,2481,0.008151169
2,2482,0.03857481
2,2483,0.10506611
2,2484,0.064836614
2,2485,0.052426334
2,2486,0.088479035
2,2487,0.00023865234
2,2488,-6.407965e-05
2,2489,0.030993875
2,2490,0.01423272
2,2491,0.02499723
2,2492,0.10580721
2,2493,0.0791912
2,2494,0.004851456
2,2495,0.019798156
2,2496,0.11111509
2,2497,0.04093313
2,2498,0.015317257
2,2499,0.0871663
2,2500,0.0012340797
2,2501,0.092504255
2,2502,0.07064157
2,2503,0.12548125
2,2504,0.069114916
2,2505,0.01737183
2,2506,0.058810767
2,2507,0.008728678
2,2508,0.020434376
2,2509,0.016433295
2,2510,0.019257661
2,2511,0.15821052
2,2512,0.0671032
2,2513,0.13624531
2,2514,0.10696759
2,2515,0.22634262
2,2516,0.13481385
2,2517,0.051585045
2,2518,0.15834194
2,2519,0.14187792
2,2520,0.00051986706
2,2521,0.01762211
2,2522,0.024762388
2,2523,0.10740387
2,2524,0.08270302
2,2525,0.019632395
2,2526,0.16812652
2,2527,0.08917912
2,2528,0.17946309
2,2529,0.0012648655
2,2530,0.11242699
2,2531,0.036460456
2,2532,0.14066666
2,2533,0.038606104
2,2534,0.10467064
2,2535,0.05554914
2,2536,0.08367752
2,2537,0.17219335
2,2538,0.086549096
2,2539,0.08824348
2,2540,0.007107909
2,2541,0.09835654
2,2542,0.009588475
2,2543,0.19921672
2,2544,-0.0032549547
2,2545,0.024026033
2,2546,0.13149804
2,2547,0.11251288
2,2548,0.048568632
2,2549,0.25663897
2,2550,0.10410725
2,2551,0.09635829
2,2552,-0.0010927962
2,2553,0.11877366
2,2554,0.17083544
2,2555,0.020253357
2,2556,0.12208622
2,2557,0.03146481
2,2558,0.18986571
2,2559,0.15448317
2,2560,0.059812095
2,2561,0.14908639
2,2562,0.113185875
2,2563,0.2134256
2,2564,0.08772891
2,2565,0.04021507
2,2566,0.05413079
2,2567,0.015410299
2,2568,0.067946605
2,2569,0.10369515
2,2570,0.1048355
2,2571,0.013249929
2,2572,0.11413526
2,2573,0.17914534
2,2574,0.083469026
2,2575,0.18667299
2,2576,0.05042636
2,2577,0.12195297
2,2578,0.1493296
2,2579,0.06567728
2,2580,0.079879604
2,2581,0.055560585
2,2582,0.06335025
2,2583,0.040273305
2,2584,0.09673413
2,2585,0.01265877
2,2586,0.04336291
2,2587,0.13050294
2,2588,0.15208498
2,2589,0.08774703
2,2590,0.044752654
2,2591,0.058444615
2,2592,0.07074758
2,2593,0.12033006
2,2594,0.042220052
2,2595,0.096050076
2,2596,0.021720823
2,2597,0.12804589
2,2598,0.017793592
2,2599,0.1004523
2,2600,0.104990534
2,2601,0.025421675
2,2602,0.11976557
2,2603,0.14028877
2,2604,0.042207
2,2605,0.06908836
2,2606,0.13618886
2,2607,0.09432732
2,2608,0.10602527
2,2609,0.109752886
2,2610,0.12216722
2,2611,0.012618954
2,2612,0.07329541
2,2613,0.022237834
2,2614,0.12489586
2,2615,0.0018802239
2,2616,0.09737732
2,2617,0.047830638
2,2618,0.062120494
2,2619,0.050805923
2,2620,0.05284297
2,2621,0.0316537
2,2622,0.17288214
2,2623,0.054832634
2,2624,0.049620386
2,2625,0.026607867
2,2626,0.12914431
2,2627,0.03737217
2,2628,0.08362614
2,2629,0.12236523
2,2630,0.031858083
2,2631,0.06465005
2,2632,0.045212384
2,2633,0.027756687
2,2634,0.007952507
2,2635,0.021086331
2,2636,0.0023634983
2,2637,0.059555646
2,2638,0.09585749
2,2639,0.01437002
2,2640,0.09929549
2,2641,0.1853401
2,2642,0.10404276
2,2643,0.07653689
2,2644,0.047873553
2,2645,0.024374899
2,2646,0.093052976
2,2647,0.07581734
2,2648,0.02013522
2,2649,0.032076534
2,2650,0.14295655
2,2651,0.082560174
2,2652,0.022405025
2,2653,0.027549263
2,2654,0.0776351
2,2655,0.02013689
2,2656,0.044749852
2,2657,0.00452667
2,2658,0.0384376
2,2659,0.09749829
2,2660,0.008852298
2,2661,0.12176501
2,2662,0.016800161
2,2663,0.03729957
2,2664,0.083461635
2,2665,0.018902179
2,2666,0.04415035
2,2667,0.0843991
2,2668,0.07745486
2,2669,0.01048481
2,2670,0.044788655
2,2671,0.067308836
2,2672,0.07396262
2,2673,0.015216525
2,2674,0.06322049
2,2675,0.03628629
2,2676,0.09431737
2,2677,0.036771234
2,2678,0.08214866
2,2679,-0.0029429244
2,2680,0.0053419424
2,2681,0.056486007
2,2682,0.10724234
2,2683,0.10371011
2,2684,0.033308145
2,2685,0.10018652
2,2686,0.051622566
2,2687,0.07727098
2,2688,0.13129038
2,2689,0.06225794
2,2690,0.0057406975
2,2691,0.004867728
2,2692,0.055237528
2,2693,0.020952638
2,2694,0.04228824
2,2695,0.024960633
2,2696,0.11184391
2,2697,0.020625945
2,2698,0.05318558
2,2699,0.03904402
2,2700,0.015461917
2,2701,0.019021925
2,2702,0.17883646
2,2703,0.103487305
2,2704,0.054760035
2,2705,0.0006114794
2,2706,0.028898712
2,2707,0.016184505
2,2708,0.048751708
2,2709,0.004505153
2,2710,0.035056587
2,2711,0.072576694
2,2712,0.073256545
2,2713,0.07320624
2,2714,0.10212927
2,2715,0.052699264
2,2716,0.01435643
2,2717,0.08158194
2,2718,0.14797723
2,2719,0.0039448095
2,2720,0.04020947
2,2721,0.073333375
2,2722,0.049881574
2,2723,0.030879553
2,2724,0.020834919
2,2725,0.014450307
2,2726,0.02153569
2,2727,0.06501483
2,2728,0.049712
2,2729,0.009163852
2,2730,0.01667678
2,2731,0.026582833
2,2732,0.14978093
2,2733,0.035875794
2,2734,0.026447292
2,2735,0.020381566
2,2736,0.11012464
2,2737,0.052931663
2,2738,0.044456776
2,2739,0.0067426516
2,2740,0.1146506
2,2741,0.0673387
2,2742,0.0036876155
2,2743,0.14240575
2,2744,0.012051995
2,2745,0.049576458
2,2746,0.04308873
2,2747,0.1222003
2,2748,0.0427646
2,2749,0.04351264
2,2750,0.005372579
2,2751,0.13183627
2,2752,0.0009527756
2,2753,0.12794605
2,2754,0.1450423
2,2755,0.0065635396
2,2756,0.006265755
2,2757,0.03876185
2,2758,0.053541776
2,2759,0.122824006
2,2760,0.02682751
2,2761,0.10920506
2,2762,0.08210891
2,2763,0.010599549
2,2764,0.00031607877
2,2765,0.07660573
2,2766,0.037398275
2,2767,0.037152167
2,2768,-0.004953389
2,2769,0.023878273
2,2770,0.03182846
2,2771,0.10566919
2,2772,0.11085104
2,2773,0.08699285
2,2774,0.075077526
2,2775,0.02987301
2,2776,0.06071609
2,2777,0.10489326
2,2778,0.051698383
2,2779,0.026404139
2,2780,0.08196347
2,2781,0.0048550917
2,2782,0.15612423
2,2783,0.025243219
2,2784,0.022368904
2,2785,0.02284598
2,2786,0.02843332
2,2787,-0.0011476325
2,2788,0.08722591
2,2789,0.07623976
2,2790,0.1413377
2,2791,0.040009733
2,2792,0.029295083
2,2793,-0.0020710872
2,2794,0.00048654806
2,2795,0.020839807
2,2796,0.050430175
2,2797,0.014062877
2,2798,0.04634553
2,2799,0.076297514
2,2800,0.092370026
2,2801,0.043838736
2,2802,0.02500784
2,2803,0.031365212
2,2804,0.0155598475
2,2805,0.08162176
2,2806,0.05534452
2,2807,0.0034609986
2,2808,0.049106088
2,2809,0.021709617
2,2810,0.022836503
2,2811,0.1314941
2,2812,0.04415464
2,2813,0.17966428
2,2814,0.058796164
2,2815,0.0002779914
2,2816,0.0301941
2,2817,0.015938576
2,2818,-0.0027232813
2,2819,0.009229894
2,2820,0.08222657
2,2821,0.03894597
2,2822,0.057914253
2,2823,0.05834448
2,2824,0.14861903
2,2825,0.09499585
2,2826,0.008530195
2,2827,0.037314948
2,2828,0.040057953
2,2829,0.043095168
2,2830,0.039390024
2,2831,0.1584506
2,2832,0.11211651
2,2833,0.032112893
2,2834,0.08054154
2,2835,0.030779298
2,2836,0.11760246
2,2837,0.06185108
2,2838,0.07255279
2,2839,0.14841497
2,2840,-0.0045622634
2,2841,0.051081356
2,2842,0.16980356
2,2843,0.0835438
2,2844,0.14230943
2,2845,0.062124487
2,2846,0.21626163
2,2847,0.049532052
2,2848,0.13439095
2,2849,0.03989428
2,2850,0.08539253
2,2851,0.028178629
2,2852,0.0070512844
2,2853,0.07952481
2,2854,0.10452687
2,2855,0.15574145
2,2856,-0.0010660933
2,2857,0.07412129
2,2858,0.18879211
2,2859,0.026983615
2,2860,0.0269694
2,2861,0.005720551
2,2862,0.10581993
2,2863,0.13601759
2,2864,0.15063041
2,2865,0.0385465
2,2866,0.033922132
2,2867,0.085380964
2,2868,0.0058979345
2,2869,0.024544295
2,2870,0.06435197
2,2871,0.10035264
2,2872,0.09568613
2,2873,0.10947912
2,2874,0.076057665
2,2875,0.061142918
2,2876,0.007254
2,2877,0.085080855
2,2878,0.0772643
2,2879,0.106095545
2,2880,0.10137796
2,2881,0.0069897724
2,2882,0.13731843
2,2883,0.071584396
2,2884,0.09579223
2,2885,0.104435466
2,2886,0.11640393
2,2887,0.0462501
2,2888,-0.0018328475
2,2889,0.023088511
2,2890,0.085867815
2,2891,0.031102654
2,2892,0.14208913
2,2893,-0.0021961974
2,2894,0.17458057
2,2895,0.19626093
2,2896,0.0035728766
2,2897,0.1601395
2,2898,0.16658342
2,2899,0.021532293
2,2900,0.0733174
2,2901,0.3463322
2,2902,0.10053169
2,2903,0.06164744
2,2904,0.05944973
2,2905,0.032145854
2,2906,0.07528525
2,2907,0.025948342
2,2908,0.04487508
2,2909,0.054093774
2,2910,0.038144406
2,2911,-0.0012235092
2,2912,0.027369734
2,2913,0.038197722
2,2914,0.074152045
2,2915,0.023038503
2,2916,0.118161015
2,2917,0.039018866
2,2918,0.060205515
2,2919,0.054408547
2,2920,0.12795335
2,2921,0.16035503
2,2922,0.015282328
2,2923,0.023236271
2,2924,0.007460351
2,2925,0.069867365
2,2926,0.008498724
2,2927,0.025372442
2,2928,0.041055854
2,2929,-0.0014308738
2,2930,-0.004967754
2,2931,0.08637249
2,2932,0.085148625
2,2933,0.17655367
2,2934,0.035783526
2,2935,0.089728706
2,2936,0.03818303
2,2937,0.07631614
2,2938,0.01742452
2,2939,0.11919712
2,2940,0.0017085029
2,2941,0.07042187
2,2942,0.13530469
2,2943,0.12961209
2,2944,0.05480462
2,2945,0.13773811
2,2946,0.09727972
2,2947,0.059607204
2,2948,0.10249763
2,2949,0.021556523
2,2950,0.056090053
2,2951,0.075917415
2,2952,0.01117986
2,2953,0.059197124
2,2954,0.033306655
2,2955,0.0798009
2,2956,0.15119994
2,2957,0.05239844
2,2958,0.11420267
2,2959,0.0052155806
2,2960,-0.001922016
2,2961,0.031473156
2,2962,0.064375095
2,2963,0.014746363
2,2964,0.046038624
2,2965,0.018514212
2,2966,0.047443684
2,2967,0.021805491
2,2968,0.019183453
2,2969,0.06297325
2,2970,0.024334308
2,2971,0.058464345
2,2972,0.054928597
2,2973,0.088278584
2,2974,0.054449495
2,2975,0.013222392
2,2976,0.048848208
2,2977,0.049605425
2,2978,0.03771561
2,2979,0.0001727296
2,2980,0.07646441
2,2981,0.19959795
2,2982,0.06081402
2,2983,0.017789897
2,2984,0.05041408
2,2985,0.04000109
2,2986,0.14879894
2,2987,0.081697665
2,2988,0.02061003
2,2989,0.19196168
2,2990,0.085983746
2,2991,0.14921355
2,2992,0.16556376
2,2993,0.25747555
2,2994,0.06714868
2,2995,0.043522295
2,2996,-0.0031096386
2,2997,0.1405353
2,2998,0.029973622
2,2999,0.111520015
2,3000,0.072478466
2,3001,0.08991402
2,3002,0.158517
2,3003,0.12598318
2,3004,0.080912165
2,3005,0.06841039
2,3006,0.02108663
2,3007,0.02038538
2,3008,0.131284
2,3009,0.03753036
2,3010,0.035866257
2,3011,0.031911757
2,3012,-0.0023518847
2,3013,0.06024873
2,3014,0.065532796
2,3015,0.009387012
2,3016,0.05129009
2,3017,0.040936347
2,3018,0.045875724
2,3019,0.010232444
2,3020,-0.0023788856
2,3021,0.030323382
2,3022,0.034808513
2,3023,0.14474604
2,3024,0.0073913885
2,3025,0.048084076
2,3026,-0.0033769058
2,3027,0.031126615
2,3028,0.0049450947
2,3029,0.026539918
2,3030,0.122996144
2,3031,0.093987696
2,3032,0.10104995
2,3033,0.06443658
2,3034,0.058291372
2,3035,0.08021676
2,3036,0.007749851
2,3037,0.030999657
2,3038,0.06838816
2,3039,0.01275229
2,3040,0.025021639
2,3041,0.116669945
2,3042,0.13683572
2,3043,0.12883052
2,3044,0.04178494
2,3045,0.044132646
2,3046,0.13973904
2,3047,0.23802784
2,3048,0.03833538
2,3049,0.1123079
2,3050,0.12726173
2,3051,0.0009555174
2,3052,0.11162516
2,3053,0.16611135
2,3054,-0.0041526007
2,3055,0.1195155
2,3056,0.037518796
2,3057,0.2055794
2,3058,0.023110565
2,3059,0.018806215
2,3060,0.043069776
2,3061,0.031204518
2,3062,0.20432323
2,3063,0.04041099
2,3064,0.15926713
2,3065,0.00203609
2,3066,0.14036936
2,3067,0.08971041
2,3068,0.11792379
2,3069,0.030475821
2,3070,0.07978665
2,3071,0.13030863
2,3072,0.072030865
2,3073,0.11383312
2,3074,0.12895194
2,3075,0.05689859
2,3076,0.21861547
2,3077,0.17893577
2,3078,0.008681173
2,3079,0.13690001
2,3080,0.06631418
2,3081,0.05956423
2,3082,0.10256963
2,3083,0.09386044
2,3084,-0.0049613165
2,3085,0.21870944
2,3086,0.04290187
2,3087,0.18393847
2,3088,0.008365567
2,3089,0.11905026
2,3090,0.0037475778
2,3091,0.015533919
2,3092,0.021000858
2,3093,0.065035574
2,3094,0.03180873
2,3095,-0.0028063701
2,3096,0.07562368
2,3097,0.14728913
2,3098,-0.002053027
2,3099,0.10396355
2,3100,0.08895212
2,3101,0.020845111
2,3102,0.17860919
2,3103,0.05439925
2,3104,0.23499584
2,3105,0.108711444
2,3106,0.043076005
2,3107,0.08926418
2,3108,0.10359549
2,3109,0.07185843
2,3110,0.036985513
2,3111,0.093843035
2,3112,0.012179608
2,3113,0.095508985
2,3114,0.005578871
2,3115,-0.004410331
2,3116,0.1503017
2,3117,0.041198906
2,3118,0.011082168
2,3119,0.0695925
2,3120,0.01320761
2,3121,0.008490558
2,3122,0.0074842228
2,3123,0.100849085
2,3124,-0.0017013596
2,3125,0.015751775
2,3126,0.064334385
2,3127,0.06327998
2,3128,0.00514936
2,3129,0.0036497666
2,3130,0.030362424
2,3131,0.14309299
2,3132,0.008531327
2,3133,0.08044367
2,3134,0.004351075
2,3135,0.083074085
2,3136,0.052614328
2,3137,0.03559011
2,3138,0.023422595
2,3139,0.029623982
2,3140,0.0010181023
2,3141,0.055216666
2,3142,0.08395665
2,3143,0.081575684
2,3144,0.06509929
2,3145,0.03459489
2,3146,0.11411636
2,3147,0.10361885
2,3148,0.08193093
2,3149,0.059477624
2,3150,0.004682387
2,3151,0.051939663
2,3152,0.12758398
2,3153,0.05167466
2,3154,0.10976701
2,3155,0.0149777485
2,3156,0.03882694
2,3157,0.036935385
2,3158,0.09050154
2,3159,0.080116175
2,3160,0.041129645
2,3161,0.045058724
2,3162,0.11195647
2,3163,0.08507722
2,3164,0.07689475
2,3165,0.041605826
2,3166,0.08103853
2,3167,0.10482793
2,3168,0.009650643
2,3169,0.01863211
2,3170,0.0064402474
2,3171,0.020247873
2,3172,0.076641254
2,3173,-0.0013377713
2,3174,0.021123644
2,3175,0.014343913
2,3176,-0.0030667828
2,3177,0.12733501
2,3178,0.067999594
2,3179,0.021442171
2,3180,-0.0010760175
2,3181,-0.00253201
2,3182,0.05903786
2,3183,0.060961124
2,3184,0.063702814
2,3185,0.0026308848
2,3186,0.2104755
2,3187,0.11170643
2,3188,-0.004211311
2,3189,-0.00063908566
2,3190,0.006652887
2,3191,-0.0018341588
2,3192,0.08149745
2,3193,0.09844088
2,3194,0.16273388
2,3195,0.06352007
2,3196,0.06953769
2,3197,0.23579904
2,3198,0.028179701
2,3199,0.10157847
2,3200,0.045880135
2,3201,0.0941306
2,3202,0.056687202
2,3203,0.007869299
2,3204,0.20323145
2,3205,-0.002348666
2,3206,0.060807582
2,3207,0.13219327
2,3208,0.15854919
2,3209,0.00031589996
2,3210,0.08612888
2,3211,0.09497123
2,3212,0.09476363
2,3213,0.08818411
2,3214,0.09990712
2,3215,0.008823986
2,3216,0.050033297
2,3217,0.22562492
2,3218,0.16495568
2,3219,0.04028904
2,3220,0.30591702
2,3221,0.013989682
2,3222,0.08481126
2,3223,0.024842378
2,3224,0.07000559
2,3225,0.19639009
2,3226,0.028632697
2,3227,0.045733687
2,3228,0.14714155
2,3229,0.044090506
2,3230,0.05594581
2,3231,0.18494594
2,3232,0.13988379
2,3233,0.13871646
2,3234,0.22010535
2,3235,0.07499301
2,3236,0.07935005
2,3237,0.16221935
2,3238,0.053573605
2,3239,0.12637547
2,3240,-0.0010685967
2,3241,0.06667053
2,3242,0.059744176
2,3243,0.14956409
2,3244,0.17563602
2,3245,0.06361704
2,3246,0.120131485
2,3247,0.2212609
2,3248,0.09192776
2,3249,0.2620256
2,3250,0.14951581
2,3251,0.17009676
2,3252,0.12523079
2,3253,0.04507422
2,3254,0.08665537
2,3255,0.29104203
2,3256,0.100196
2,3257,0.07611071
2,3258,0.10612457
2,3259,0.10519575
2,3260,0.073835425
2,3261,0.0016174866
2,3262,0.09201854
2,3263,0.18826705
2,3264,0.01807421
2,3265,0.12790674
2,3266,0.021049496
2,3267,0.09256845
2,3268,0.00070607197
2,3269,0.033622142
2,3270,-0.002986853
2,3271,0.017880674
2,3272,0.1031267
2,3273,0.18956143
2,3274,0.041876193
2,3275,0.36663347
2,3276,0.13557774
2,3277,0.19107974
2,3278,0.010131354
2,3279,0.06322651
2,3280,0.13763744
2,3281,0.17139053
2,3282,0.016778287
2,3283,0.0150261475
2,3284,0.04446095
2,3285,0.14607984
2,3286,0.030410703
2,3287,0.1331631
2,3288,0.044940945
2,3289,0.00014972221
2,3290,0.120473556
2,3291,0.10701
2,3292,0.087054424
2,3293,0.08159282
2,3294,0.013667281
2,3295,0.32911584
2,3296,0.21132773
2,3297,0.28371516
2,3298,0.101346724
2,3299,-0.0022124695
2,3300,0.06390118
2,3301,0.17141074
2,3302,0.09845524
2,3303,0.06762927
2,3304,0.005988951
2,3305,0.047727432
2,3306,0.1407196
2,3307,0.018278774
2,3308,0.14534914
2,3309,0.07028165
2,3310,0.07959198
2,3311,0.033596154
2,3312,0.15651408
2,3313,0.00020539295
2,3314,0.15999967
2,3315,0.049252566
2,3316,0.094415836
2,3317,0.002511884
2,3318,0.050388213
2,3319,0.021789726
2,3320,0.07677742
2,3321,0.07343572
2,3322,0.093294196
2,3323,0.13941503
2,3324,0.19577587
2,3325,0.05888414
2,3326,0.25369555
2,3327,0.04277354
2,3328,0.09121423
2,3329,0.054746564
2,3330,0.016070481
2,3331,0.09623834
2,3332,0.051684614
2,3333,0.04283559
2,3334,0.08071261
2,3335,0.021301206
2,3336,0.08348068
2,3337,0.10239159
2,3338,0.031782504
2,3339,-0.0041437494
2,3340,0.12988192
2,3341,0.00084429514
2,3342,0.12766534
2,3343,0.007712896
2,3344,0.13660088
2,3345,0.07001191
2,3346,0.028225835
2,3347,0.058862563
2,3348,0.06625568
2,3349,0.02638894
2,3350,0.17664596
2,3351,0.12249022
2,3352,0.27852333
2,3353,0.13843828
2,3354,0.03972387
2,3355,0.12906939
2,3356,0.06752386
2,3357,0.0076330258
2,3358,0.015996452
2,3359,0.055117127
2,3360,0.08198821
2,3361,0.0246461
2,3362,0.07802098
2,3363,0.031860646
2,3364,0.009053404
2,3365,0.018601473
2,3366,0.15299663
2,3367,0.08685162
2,3368,-0.0019656466
2,3369,0.019352611
2,3370,0.0026165796
2,3371,0.061137673
2,3372,0.053740557
2,3373,0.19954717
2,3374,0.14758039
2,3375,-0.00084418524
2,3376,0.104205064
2,3377,0.05018669
2,3378,0.03498557
2,3379,0.06516539
2,3380,0.06942456
2,3381,0.112920694
2,3382,0.0608378
2,3383,0.27020997
2,3384,0.12174069
2,3385,0.080633484
2,3386,0.048388716
2,3387,0.14779523
2,3388,0.14537174
2,3389,0.05501127
2,3390,0.012049074
2,3391,0.2411418
2,3392,0.023832973
2,3393,0.067428164
2,3394,0.033719417
2,3395,0.032241996
2,3396,0.044443723
2,3397,0.021158185
2,3398,0.059355076
2,3399,0.04962152
2,3400,0.08994048
2,3401,0.11429571
2,3402,0.07019084
2,3403,0.095056735
2,3404,0.18819028
2,3405,0.08308523
2,3406,0.076934926
2,3407,0.13434187
2,3408,0.16972768
2,3409,0.073298626
2,3410,0.043712046
2,3411,0.018652614
2,3412,0.12693912
2,3413,0.058287915
2,3414,0.1249878
2,3415,2.8128736e-05
2,3416,0.010767336
2,3417,0.09306737
2,3418,0.043419536
2,3419,0.016119655
2,3420,0.006553228
2,3421,0.08649596
2,3422,0.023158368
2,3423,0.06635731
2,3424,0.060733195
2,3425,-0.0015542554
2,3426,0.037584063
2,3427,0.059628602
2,3428,0.01965588
2,3429,0.19983959
2,3430,0.18654764
2,3431,0.12378686
2,3432,0.16007602
2,3433,0.12576455
2,3434,0.17860502
2,3435,0.019002285
2,3436,0.002710457
2,3437,0.033160087
2,3438,0.010353531
2,3439,0.04505199
2,3440,0.10745587
2,3441,0.11698484
2,3442,0.13105094
2,3443,0.19426498
2,3444,0.21097714
2,3445,0.1607902
2,3446,0.050366547
2,3447,0.010344262
2,3448,0.22727755
2,3449,0.08537852
2,3450,0.0682184
2,3451,0.012910421
2,3452,0.031851705
2,3453,0.20743579
2,3454,0.10539352
2,3455,0.081213854
2,3456,0.057603654
2,3457,-0.0023086714
2,3458,0.024449673
2,3459,0.11940154
2,3460,0.13512647
2,3461,0.10246038
2,3462,0.030510958
2,3463,0.16401935
2,3464,0.16171867
2,3465,0.018215057
2,3466,0.04826295
2,3467,0.05642372
2,3468,0.013345773
2,3469,0.076113515
2,3470,0.11074423
2,3471,0.052161094
2,3472,0.22252813
2,3473,0.01206934
2,3474,0.11047121
2,3475,0.04528254
2,3476,0.11040562
2,3477,0.2077738
2,3478,0.066042684
2,3479,0.15027463
2,3480,0.013426299
2,3481,0.14151785
2,3482,0.14536434
2,3483,0.015599246
2,3484,0.20558968
2,3485,0.10501739
2,3486,0.04898369
2,3487,0.2754774
2,3488,0.056699123
2,3489,0.10909527
2,3490,0.21417588
2,3491,0.19374245
2,3492,0.065139346
2,3493,0.064562134
2,3494,0.09232747
2,3495,0.03992903
2,3496,0.2359314
2,3497,0.1800803
2,3498,0.15693933
2,3499,0.055456754
2,3500,0.13066858
2,3501,0.06430941
2,3502,0.11553251
2,3503,0.011059995
2,3504,-0.0013838457
2,3505,-0.001354997
2,3506,0.10271975
2,3507,0.057418104
2,3508,0.0518257
2,3509,0.07147365
2,3510,0.13706821
2,3511,0.06927004
2,3512,0.0827279
2,3513,0.045334633
2,3514,0.12971362
2,3515,0.050233062
2,3516,0.064872734
2,3517,0.09559845
2,3518,0.154531
2,3519,0.049717512
2,3520,0.049924668
2,3521,0.062340613
2,3522,0.118830495
2,3523,0.088681035
2,3524,0.07738262
2,3525,0.123852305
2,3526,0.035082515
2,3527,0.271946
2,3528,0.017529126
2,3529,0.15461534
2,3530,0.024015602
2,3531,0.037306424
2,3532,0.27931437
2,3533,0.061038133
2,3534,0.14991912
2,3535,0.2772447
2,3536,0.09871497
2,3537,0.03800332
2,3538,0.07402789
2,3539,0.24078703
2,3540,0.08946141
2,3541,0.20901477
2,3542,0.07503008
2,3543,0.11027192
2,3544,0.041885223
2,3545,0.01377591
2,3546,-0.003722583
2,3547,0.052529987
2,3548,0.012108202
2,3549,0.09126233
2,3550,0.033076163
2,3551,0.20433107
2,3552,0.10479327
2,3553,0.097931705
2,3554,0.103555284
2,3555,0.054439005
2,3556,0.11438619
2,3557,0.21543139
2,3558,0.09371587
2,3559,0.027054962
2,3560,0.03781497
2,3561,0.06958305
2,3562,0.05957925
2,3563,0.07098424
2,3564,0.064519696
2,3565,0.027999397
2,3566,0.18584403
2,3567,0.047027614
2,3568,0.08237242
2,3569,0.08018433
2,3570,0.069698595
2,3571,0.13146645
2,3572,0.2516132
2,3573,0.017179187
2,3574,0.03609639
2,3575,0.02743369
2,3576,0.013992841
2,3577,0.11928224
2,3578,0.11095216
2,3579,0.03210854
2,3580,0.06870746
2,3581,0.05002841
2,3582,0.05399623
2,3583,0.14538762
2,3584,0.055505153
2,3585,0.015469189
2,3586,0.097182445
2,3587,0.042962905
2,3588,0.14091831
2,3589,0.01735967
2,3590,0.12761313
2,3591,0.19160324
2,3592,0.053185996
2,3593,0.09200149
2,3594,0.1491169
2,3595,0.04003411
2,3596,0.31345847
2,3597,0.04267293
2,3598,0.11749264
2,3599,0.037092354
2,3600,0.058656808
2,3601,0.13002527
2,3602,0.004967327
2,3603,0.10060447
2,3604,0.09816813
2,3605,0.11082595
2,3606,0.06822049
2,3607,0.101693355
2,3608,0.14824718
2,3609,0.013559635
2,3610,0.07318746
2,3611,0.13499135
2,3612,0.06661963
2,3613,0.066354565
2,3614,0.1287865
2,3615,0.025681611
2,3616,0.11610889
2,3617,0.1673007
2,3618,0.12339293
2,3619,0.021359082
2,3620,0.084216766
2,3621,0.08312803
2,3622,0.088706665
2,3623,0.012681688
2,3624,0.110090904
2,3625,0.15961608
2,3626,0.024355944
2,3627,0.093051754
2,3628,0.017023798
2,3629,0.06664001
2,3630,0.07769894
2,3631,0.11386817
2,3632,0.009560461
2,3633,0.07978731
2,3634,0.09745725
2,3635,0.038656708
2,3636,0.1602369
2,3637,0.17791113
2,3638,0.16576588
2,3639,0.012853201
2,3640,0.042549487
2,3641,0.25430623
2,3642,0.1833551
2,3643,0.16381419
2,3644,0.07653599
2,3645,0.047093537
2,3646,0.17290753
2,3647,0.0952078
2,3648,0.14554101
2,3649,0.0026265336
2,3650,0.065355234
2,3651,0.11737647
2,3652,0.04524779
2,3653,0.0010732366
2,3654,0.07369854
2,3655,0.003484304
2,3656,0.05062407
2,3657,0.0098984195
2,3658,0.019118663
2,3659,0.29610223
2,3660,0.008472319
2,3661,0.06685018
2,3662,0.05151778
2,3663,0.17481488
2,3664,0.026410218
2,3665,-0.0026338743
2,3666,0.12179651
2,3667,0.15673584
2,3668,0.10266673
2,3669,0.05388212
2,3670,0.05860847
2,3671,0.18048507
2,3672,0.0138916625
2,3673,0.05738702
2,3674,0.0022362424
2,3675,0.15032446
2,3676,0.13822234
2,3677,0.16092312
2,3678,0.10322463
2,3679,0.0964938
2,3680,0.0031381203
2,3681,0.08900141
2,3682,-0.0046795653
2,3683,0.02933186
2,3684,0.12847474
2,3685,0.059971448
2,3686,0.08092665
2,3687,0.19658804
2,3688,0.06056344
2,3689,0.06873714
2,3690,0.21014708
2,3691,0.26891434
2,3692,0.052084263
2,3693,0.05151501
2,3694,0.08827766
2,3695,0.026143786
2,3696,0.05967724
2,3697,0.017276581
2,3698,0.22115776
2,3699,0.10817336
2,3700,0.045857873
2,3701,0.04003608
2,3702,0.09645956
2,3703,0.085495286
2,3704,0.08323776
2,3705,0.03408047
2,3706,0.20179287
2,3707,0.06275331
2,3708,0.13317725
2,3709,0.0678504
2,3710,0.0984984
2,3711,0.0005536033
2,3712,0.011718507
2,3713,0.0029511405
2,3714,0.07838487
2,3715,0.08976155
2,3716,0.13075888
2,3717,0.14864922
2,3718,0.15434265
2,3719,0.1377371
2,3720,0.04024249
2,3721,0.0026035262
2,3722,0.04168063
2,3723,0.031897392
2,3724,0.118129335
2,3725,-0.001303141
2,3726,0.18721384
2,3727,0.08855348
2,3728,0.14267358
2,3729,0.1510436
2,3730,0.13152498
2,3731,0.13502008
2,3732,0.057056453
2,3733,0.12448733
2,3734,0.021099206
2,3735,0.07461893
2,3736,0.13681358
2,3737,0.057228234
2,3738,0.100560986
2,3739,0.0036792113
2,3740,0.0038008643
2,3741,0.026214954
2,3742,0.01681709
2,3743,0.039114054
2,3744,0.070535354
2,3745,0.16441461
2,3746,0.01307493
2,3747,0.017763194
2,3748,0.032302078
2,3749,0.15243804
2,3750,0.17374358
2,3751,0.09715276
2,3752,0.06224593
2,3753,0.08926254
2,3754,0.0265547
2,3755,0.019065496
2,3756,0.017401155
2,3757,0.10206502
2,3758,0.065522544
2,3759,0.1933049
2,3760,0.18773162
2,3761,0.09308683
2,3762,0.15377453
2,3763,0.057831284
2,3764,0.19213694
2,3765,0.018297162
2,3766,0.1128585
2,3767,0.075727575
2,3768,0.17716461
2,3769,0.0078866435
2,3770,0.14621276
2,3771,0.023769256
2,3772,0.033306476
2,3773,0.12985563
2,3774,-0.0006510662
2,3775,0.02241185
2,3776,0.073731
2,3777,0.011457677
2,3778,0.062103923
2,3779,0.09371584
2,3780,0.21890962
2,3781,0.25402117
2,3782,0.103181265
2,3783,0.15113592
2,3784,0.25337785
2,3785,0.050738927
2,3786,-0.0037068175
2,3787,0.048209634
2,3788,0.10590529
2,3789,0.027849432
2,3790,0.14594692
2,3791,0.13044465
2,3792,0.122082226
2,3793,0.08599874
2,3794,0.101328276
2,3795,0.045382436
2,3796,0.22104219
2,3797,0.07031246
2,3798,0.17407212
2,3799,0.22223985
2,3800,0.045492824
2,3801,0.13570109
2,3802,0.14539051
2,3803,0.09157919
2,3804,0.0889801
2,3805,0.006052072
2,3806,0.09965416
2,3807,0.15414125
2,3808,0.007488097
2,3809,0.006658907
2,3810,0.06954654
2,3811,0.08337697
2,3812,0.022759255
2,3813,0.12636042
2,3814,0.020402487
2,3815,0.09926676
2,3816,0.07882031
2,3817,0.13722718
2,3818,0.02293485
2,3819,0.18562868
2,3820,0.08057561
2,3821,0.1086679
2,3822,0.08618068
2,3823,0.089656405
2,3824,0.04978239
2,3825,0.03396183
2,3826,0.22188562
2,3827,-0.0030978965
2,3828,0.09711205
2,3829,0.018961456
2,3830,0.087363355
2,3831,0.19180807
2,3832,0.31203017
2,3833,0.08788099
2,3834,0.15664712
2,3835,0.021599438
2,3836,0.29469436
2,3837,0.1632905
2,3838,0.08303677
2,3839,0.23128116
2,3840,0.029834863
2,3841,0.017552491
2,3842,0.030891385
2,3843,0.12520558
2,3844,0.0009261919
2,3845,0.035855886
2,3846,0.04231685
2,3847,0.17487276
2,3848,0.18341702
2,3849,-0.004832332
2,3850,0.23655951
2,3851,0.1119123
2,3852,0.03820431
2,3853,0.0535562
2,3854,0.13444531
2,3855,0.0043678535
2,3856,0.03910839
2,3857,0.20430797
2,3858,0.12237515
2,3859,0.009283151
2,3860,0.0002278639
2,3861,0.15303394
2,3862,0.01113456
2,3863,0.009413446
2,3864,0.17584473
2,3865,0.13826546
2,3866,0.102284245
2,3867,0.029946443
2,3868,0.2045188
2,3869,0.06853049
2,3870,0.13582319
2,3871,0.23027399
2,3872,0.23092258
2,3873,0.029730763
2,3874,0.098733656
2,3875,0.092175774
2,3876,0.041288283
2,3877,0.09253376
2,3878,0.14394054
2,3879,0.19100508
2,3880,0.03393763
2,3881,-0.0032026218
2,3882,0.1453678
2,3883,0.19334641
2,3884,0.0091718985
2,3885,0.029351588
2,3886,0.15967327
2,3887,0.09298115
2,3888,0.05463293
2,3889,0.047709998
2,3890,0.09264021
2,3891,0.0807802
2,3892,0.07127871
2,3893,0.04921442
2,3894,0.11771243
2,3895,0.12749317
2,3896,0.0814478
2,3897,0.16971493
2,3898,0.07274919
2,3899,0.11378949
2,3900,0.0011274172
2,3901,0.21393713
2,3902,0.13622534
2,3903,0.09870618
2,3904,0.05044734
2,3905,0.093576364
2,3906,0.06453397
2,3907,0.10138183
2,3908,0.012979801
2,3909,0.0477426
2,3910,0.1975196
2,3911,0.11617618
2,3912,0.054426547
2,3913,0.032687362
2,3914,0.01901355
2,3915,0.10919913
2,3916,0.11562314
2,3917,0.07995846
2,3918,0.23160467
2,3919,0.101179235
2,3920,0.016569313
2,3921,0.017966863
2,3922,0.15451038
2,3923,0.07314428
2,3924,0.10147416
2,3925,0.14024696
2,3926,0.10231345
2,3927,2.5565736e-05
2,3928,0.10895311
2,3929,0.013348336
2,3930,0.058462974
2,3931,0.11938845
2,3932,0.12495499
2,3933,0.13736063
2,3934,0.05449831
2,3935,-0.004469876
2,3936,0.24068347
2,3937,0.051732805
2,3938,0.044812348
2,3939,0.04382741
2,3940,0.24196959
2,3941,0.09109836
2,3942,0.089193456
2,3943,0.06112623
2,3944,0.13878113
2,3945,0.083754174
2,3946,0.002546723
2,3947,0.05768573
2,3948,0.09235298
2,3949,0.4375913
2,3950,0.090974234
2,3951,0.018095251
2,3952,0.08096694
2,3953,0.14398265
2,3954,0.08460342
2,3955,0.046352144
2,3956,0.18894386
2,3957,0.050255116
2,3958,0.06782945
2,3959,0.077263914
2,3960,0.08068057
2,3961,0.27392143
2,3962,-0.00040826667
2,3963,0.049235877
2,3964,0.08202421
2,3965,0.06606733
2,3966,0.30185378
2,3967,0.076541625
2,3968,0.24497056
2,3969,0.06410029
2,3970,0.09328758
2,3971,0.01635408
2,3972,0.07897141
2,3973,0.09850421
2,3974,0.47840106
2,3975,0.100525014
2,3976,0.027434703
2,3977,0.03711435
2,3978,0.04709473
2,3979,0.22170734
2,3980,0.049366828
2,3981,0.113874845
2,3982,-0.00016212929
2,3983,0.0028391434
2,3984,0.10093828
2,3985,0.038172062
2,3986,0.1453369
2,3987,0.049599674
2,3988,0.2028369
2,3989,0.07620513
2,3990,0.021781739
2,3991,0.09277438
2,3992,0.013393368
2,3993,0.02605408
2,3994,0.03573018
2,3995,0.05740207
2,3996,0.24120766
2,3997,0.0027779294
2,3998,0.02237695
2,3999,0.32768655
2,4000,0.12748545
2,4001,0.06807157
2,4002,0.074055605
2,4003,0.07990699
2,4004,0.011169369
2,4005,0.03339311
2,4006,0.03845572
2,4007,0.27244294
2,4008,0.21330756
2,4009,0.10439878
2,4010,0.11819147
2,4011,0.15203282
2,4012,0.060828622
2,4013,0.23014379
2,4014,0.0369001
2,4015,0.15836412
2,4016,0.02249175
2,4017,-0.001942818
2,4018,0.13792932
2,4019,0.025135752
2,4020,0.039502498
2,4021,0.034065094
2,4022,0.011057551
2,4023,0.11156934
2,4024,0.27208155
2,4025,-0.0038064765
2,4026,0.16316438
2,4027,0.20041639
2,4028,0.08868777
2,4029,0.07558193
2,4030,0.014997239
2,4031,0.081000976
2,4032,0.045840915
2,4033,0.115087174
2,4034,0.08794587
2,4035,0.16465351
2,4036,0.13156548
2,4037,0.084209375
2,4038,0.25024763
2,4039,0.09356635
2,4040,0.11163079
2,4041,0.05179548
2,4042,0.026558246
2,4043,0.07438307
2,4044,0.069620185
2,4045,0.087970845
2,4046,0.05168843
2,4047,0.1669648
2,4048,0.22468054
2,4049,0.016461786
2,4050,0.03715455
2,4051,0.33567366
2,4052,0.069452874
2,4053,0.0043402864
2,4054,0.1600315
2,4055,0.06233802
2,4056,0.011679734
2,4057,0.061173495
2,4058,0.024393078
2,4059,0.30166578
2,4060,0.09244602
2,4061,0.07772692
2,4062,0.117857926
2,4063,0.037928697
2,4064,0.050718125
2,4065,0.16865838
2,4066,0.18180817
2,4067,0.20794499
2,4068,0.0049393727
2,4069,0.03862038
2,4070,0.058565255
2,4071,0.088142805
2,4072,0.06104606
2,4073,0.07577988
2,4074,0.034212526
2,4075,0.10609835
2,4076,0.0578829
2,4077,0.1982941
2,4078,0.08833467
2,4079,0.060255226
2,4080,0.0064216806
2,4081,0.045675065
2,4082,0.08680444
2,4083,-0.004298483
2,4084,0.08204224
2,4085,0.18695384
2,4086,0.1067329
2,4087,0.037093427
2,4088,0.064646594
2,4089,0.106166534
2,4090,0.18308094
2,4091,0.036327537
2,4092,0.20040292
2,4093,0.08206319
2,4094,0.029755231
2,4095,-0.004098718
2,4096,0.23486543
2,4097,0.03666776
2,4098,0.293749
2,4099,0.0928024
2,4100,0.07905858
2,4101,0.109350346
2,4102,0.11531424
2,4103,0.113850914
2,4104,0.28325608
2,4105,0.094223015
2,4106,0.0971617
2,4107,0.07092147
2,4108,0.06957876
2,4109,0.08880942
2,4110,0.16162556
2,4111,0.050050255
2,4112,0.106380336
2,4113,0.024481412
2,4114,0.23511106
2,4115,0.13755739
2,4116,0.20754549
2,4117,0.03705811
2,4118,0.007208164
2,4119,0.078508876
2,4120,0.13816279
2,4121,0.04349443
2,4122,0.016226437
2,4123,-0.00024018157
2,4124,0.09620946
2,4125,0.03979891
2,4126,0.0019346131
2,4127,0.17568502
2,4128,0.12600881
2,4129,0.21956462
2,4130,0.024625596
2,4131,0.11259537
2,4132,-0.00039387215
2,4133,0.2286818
2,4134,-0.004739587
2,4135,0.054700878
2,4136,0.41129732
2,4137,0.19520056
2,4138,0.13154742
2,4139,0.034537967
2,4140,0.014302547
2,4141,0.11296298
2,4142,0.08111092
2,4143,0.056976315
2,4144,0.062468763
2,4145,0.21065414
2,4146,0.03524738
2,4147,0.050494995
2,4148,0.046370145
2,4149,0.03265607
2,4150,0.011043961
2,4151,0.21423995
2,4152,0.006457175
2,4153,0.23753393
2,4154,0.22152323
2,4155,0.04993927
2,4156,0.17678744
2,4157,0.0070610596
2,4158,0.036276933
2,4159,0.16364193
2,4160,0.0066009415
2,4161,0.0151464
2,4162,0.15960687
2,4163,0.098555826
2,4164,0.114201
2,4165,0.107452564
2,4166,0.024690088
2,4167,0.004687066
2,4168,0.21305948
2,4169,0.0045790924
2,4170,0.35773376
2,4171,0.28336492
2,4172,0.05204132
2,4173,0.038777705
2,4174,0.006689246
2,4175,0.21498048
2,4176,0.058894392
2,4177,0.07592427
2,4178,0.03371763
2,4179,0.18499342
2,4180,0.095198594
2,4181,0.03525647
2,4182,0.18179524
2,4183,0.0057346774
2,4184,0.005927856
2,4185,0.1691078
2,4186,0.025300112
2,4187,0.102273725
2,4188,0.03978568
2,4189,0.18198192
2,4190,0.0013670577
2,4191,0.07047724
2,4192,0.13680798
2,4193,0.06593823
2,4194,0.27682
2,4195,0.01819634
2,4196,0.035324927
2,4197,0.09197845
2,4198,0.14298064
2,4199,0.047884103
2,4200,0.05853563
2,4201,0.06875902
2,4202,0.11145454
2,4203,0.3043073
2,4204,0.1642218
2,4205,0.06663891
2,4206,0.23233894
2,4207,0.16826978
2,4208,0.052738067
2,4209,0.14517143
2,4210,0.009291525
2,4211,0.08205169
2,4212,0.13825953
2,4213,0.055153605
2,4214,0.0926516
2,4215,0.06074458
2,4216,0.22150743
2,4217,0.13598573
2,4218,0.13016063
2,4219,0.05766627
2,4220,0.21821615
2,4221,0.34943414
2,4222,0.031822767
2,4223,0.012604023
2,4224,0.02816021
2,4225,0.059959468
2,4226,0.25681987
2,4227,0.16904026
2,4228,0.046150472
2,4229,0.051527318
2,4230,-0.0037359642
2,4231,0.007630761
2,4232,0.08612686
2,4233,0.0684756
2,4234,0.06780379
2,4235,0.06821283
2,4236,0.07992398
2,4237,0.24954844
2,4238,0.0110024465
2,4239,0.24902454
2,4240,0.094747536
2,4241,0.14264739
2,4242,0.09731435
2,4243,0.022331055
2,4244,0.014031644
2,4245,0.14472759
2,4246,0.18565887
2,4247,0.0968787
2,4248,0.08064651
2,4249,0.04358944
2,4250,0.27613083
2,4251,0.33717644
2,4252,0.19550693
2,4253,0.10609948
2,4254,0.17371285
2,4255,0.031352933
2,4256,0.20423347
2,4257,0.046234425
2,4258,0.1350238
2,4259,0.14178601
2,4260,0.053570446
2,4261,0.06773382
2,4262,0.11104333
2,4263,0.054211076
2,4264,0.059368785
2,4265,0.019706603
2,4266,0.072398655
2,4267,0.032339033
2,4268,0.03192007
2,4269,0.010228212
2,4270,0.00034248363
2,4271,0.23868993
2,4272,0.033664074
2,4273,0.079489045
2,4274,0.027065095
2,4275,0.2131364
2,4276,0.10062104
2,4277,0.061728295
2,4278,0.096843265
2,4279,0.04053646
2,4280,0.22472322
2,4281,0.042919394
2,4282,0.13648695
2,4283,0.09057372
2,4284,0.10247784
2,4285,0.0012006117
2,4286,0.07064151
2,4287,0.0035668267
2,4288,0.039695736
2,4289,0.018760141
2,4290,0.23718506
2,4291,0.029303249
2,4292,0.013217623
2,4293,0.114370875
2,4294,0.28534704
2,4295,0.12296014
2,4296,0.0009269072
2,4297,0.16692367
2,4298,0.24713758
2,4299,0.15927875
2,4300,0.030466374
2,4301,0.100057416
2,4302,0.24721846
2,4303,0.06328099
2,4304,0.025161441
2,4305,0.056009527
2,4306,0.04987633
2,4307,0.18842918
2,4308,0.14026219
2,4309,0.10197788
2,4310,0.070040755
2,4311,0.045628484
2,4312,0.1913726
2,4313,0.13239032
2,4314,0.049617764
2,4315,-0.004638438
2,4316,0.22367746
2,4317,0.19689041
2,4318,-0.0043990063
2,4319,0.026251193
2,4320,0.05733293
2,4321,0.25868705
2,4322,0.17096621
2,4323,0.06502601
2,4324,0.13683718
2,4325,0.019406613
2,4326,0.014899458
2,4327,0.05999061
2,4328,0.16249451
2,4329,0.08700883
2,4330,-0.0009131776
2,4331,0.0010406626
2,4332,0.010744507
2,4333,0.1039769
2,4334,0.082415335
2,4335,0.015989061
2,4336,0.13200974
2,4337,0.038193222
2,4338,0.12308838
2,4339,0.057778116
2,4340,0.051385995
2,4341,0.14239281
2,4342,0.0501112
2,4343,0.10742556
2,4344,0.0019725813
2,4345,0.009157415
2,4346,0.042830374
2,4347,0.13733244
2,4348,0.029855665
2,4349,0.0022387458
2,4350,0.02283394
2,4351,0.034035202
2,4352,0.11668288
2,4353,0.21597219
2,4354,0.026766714
2,4355,0.056240793
2,4356,0.06363278
2,4357,0.10770332
2,4358,0.10731154
2,4359,-0.0023783492
2,4360,0.01183563
2,4361,0.19375825
2,4362,0.072654985
2,4363,0.07937019
2,4364,0.03832018
2,4365,0.13260469
2,4366,0.17810065
2,4367,0.08016833
2,4368,0.15960497
2,4369,0.13881373
2,4370,0.033706006
2,4371,0.1474272
2,4372,0.08776557
2,4373,0.22496027
2,4374,0.004191573
2,4375,0.14301842
2,4376,0.21099824
2,4377,0.15854484
2,4378,0.080936454
2,4379,0.051750924
2,4380,0.01989841
2,4381,0.046190973
2,4382,0.09697386
2,4383,0.13584107
2,4384,0.2472331
2,4385,0.18310112
2,4386,0.029762533
2,4387,0.10495078
2,4388,0.13589647
2,4389,0.2096296
2,4390,0.14565748
2,4391,0.053487357
2,4392,0.10702073
2,4393,0.07627093
2,4394,0.23493642
2,4395,0.116403215
2,4396,0.035678085
2,4397,0.055986937
2,4398,0.12200674
2,4399,0.07474052
2,4400,0.030838635
2,4401,-0.0035067247
2,4402,0.053703036
2,4403,0.20558584
2,4404,0.005434091
2,4405,0.24925426
2,4406,0.23289645
2,4407,0.027824577
2,4408,0.26063505
2,4409,0.11042967
2,4410,0.019694563
2,4411,0.23184118
2,4412,0.06126928
2,4413,0.07966348
2,4414,0.11939698
2,4415,0.056392398
2,4416,0.06284993
2,4417,0.14740318
2,4418,0.07083314
2,4419,0.08130919
2,4420,0.07996904
2,4421,0.014455373
2,4422,0.15829194
2,4423,0.16483706
2,4424,0.008283849
2,4425,0.11391937
2,4426,0.2202931
2,4427,0.10347929
2,4428,0.092449956
2,4429,0.0609647
2,4430,0.16710776
2,4431,0.08680349
2,4432,0.12018006
2,4433,0.0680018
2,4434,0.0027750982
2,4435,0.039002057
2,4436,0.008194263
2,4437,0.29716432
2,4438,0.11139124
2,4439,0.07499694
2,4440,0.24075443
2,4441,0.055955913
2,4442,0.12508303
2,4443,0.16859847
2,4444,0.25115636
2,4445,0.15354508
2,4446,0.106320314
2,4447,0.040157225
2,4448,0.15618363
2,4449,0.22513264
2,4450,0.11215722
2,4451,0.03784981
2,4452,0.022274937
2,4453,0.086466484
2,4454,0.043753054
2,4455,0.03307986
2,4456,0.07691156
2,4457,0.06828018
2,4458,0.06386753
2,4459,0.10143452
2,4460,0.13747239
2,4461,-0.0019947933
2,4462,0.05246448
2,4463,0.15982008
2,4464,0.1313236
2,4465,0.1315088
2,4466,0.1275622
2,4467,0.18700701
2,4468,0.04979467
2,4469,0.30750287
2,4470,0.14373726
2,4471,0.033627268
2,4472,0.23586836
2,4473,0.03786927
2,4474,0.13578835
2,4475,0.28278077
2,4476,0.10721701
2,4477,0.004681672
2,4478,0.0830053
2,4479,0.041417357
2,4480,0.3092425
2,4481,0.14580256
2,4482,0.043329503
2,4483,0.058573302
2,4484,0.267098
2,4485,0.05837482
2,4486,0.04266205
2,4487,0.16406015
2,4488,0.061132904
2,4489,0.039082404
2,4490,0.11265909
2,4491,0.014960284
2,4492,0.17816037
2,4493,0.0054697944
2,4494,0.22235328
2,4495,0.09262829
2,4496,0.17398512
2,4497,0.13763452
2,4498,0.17761284
2,4499,0.06504386
2,4500,0.026936378
2,4501,0.036481258
2,4502,0.072112404
2,4503,-0.003421669
2,4504,0.20610356
2,4505,0.07518195
2,4506,0.13232073
2,4507,-0.0011941837
2,4508,0.059061106
2,4509,0.24291322
2,4510,0.104871295
2,4511,0.124806546
2,4512,0.24742264
2,4513,0.12736994
2,4514,0.21706063
2,4515,0.06441977
2,4516,0.0648995
2,4517,0.078646295
2,4518,0.058268335
2,4519,0.10486507
2,4520,0.13999039
2,4521,0.086325936
2,4522,0.01475891
2,4523,0.14510226
2,4524,0.30953756
2,4525,0.080321394
2,4526,0.00408196
2,4527,0.046637114
2,4528,0.09536921
2,4529,0.03755903
2,4530,-0.0012939023
2,4531,0.2861849
2,4532,0.20205271
2,4533,0.08810892
2,4534,0.15756589
2,4535,0.08519446
2,4536,0.006750281
2,4537,0.05263367
2,4538,0.12854773
2,4539,0.049228188
2,4540,0.17440903
2,4541,0.15049788
2,4542,0.0634092
2,4543,0.10278966
2,4544,0.2223084
2,4545,0.23214665
2,4546,0.063547246
2,4547,0.04156458
2,4548,0.15878925
2,4549,0.060662147
2,4550,0.050553974
2,4551,0.21620819
2,4552,0.15242875
2,4553,0.07318359
2,4554,0.0005282117
2,4555,0.02795836
2,4556,0.055296864
2,4557,0.099297576
2,4558,0.022500928
2,4559,0.08513879
2,4560,0.08528643
2,4561,0.027720746
2,4562,0.15820742
2,4563,0.010514553
2,4564,0.19088927
2,4565,0.07362624
2,4566,0.07575273
2,4567,0.08971768
2,4568,0.19754672
2,4569,0.072071366
2,4570,0.10618662
2,4571,0.0380519
2,4572,0.018117722
2,4573,-0.0033139335
2,4574,0.12764502
2,4575,-0.001860504
2,4576,0.1427108
2,4577,0.24684405
2,4578,0.06561347
2,4579,0.20290154
2,4580,0.03469449
2,4581,0.2520287
2,4582,0.07945173
2,4583,0.01633465
2,4584,0.14991474
2,4585,0.0883285
2,4586,0.1003158
2,4587,0.0704441
2,4588,0.14637098
2,4589,0.06633889
2,4590,0.098587565
2,4591,0.22680825
2,4592,0.03273731
2,4593,0.08355873
2,4594,0.023075934
2,4595,0.24657762
2,4596,0.04067039
2,4597,0.010887797
2,4598,0.17096084
2,4599,0.07938372
2,4600,0.13158363
2,4601,0.27124912
2,4602,0.033297714
2,4603,0.0083203865
2,4604,0.047974225
2,4605,0.064411156
2,4606,0.047615703
2,4607,0.003964062
2,4608,0.10075485
2,4609,0.08174663
2,4610,0.14653671
2,4611,0.02783918
2,4612,0.118880145
2,4613,0.06766587
2,4614,-0.0012798058
2,4615,0.13218957
2,4616,0.05292624
2,4617,0.0351032
2,4618,0.06664883
2,4619,0.32626137
2,4620,0.08527755
2,4621,0.080411725
2,4622,0.105123006
2,4623,0.022997852
2,4624,0.017640289
2,4625,0.053466376
2,4626,0.0941351
2,4627,0.17618209
2,4628,0.020225849
2,4629,0.06013995
2,4630,0.012388314
2,4631,0.050444122
2,4632,0.21555847
2,4633,0.1410191
2,4634,0.05812883
2,4635,0.21323934
2,4636,0.019299682
2,4637,0.025253292
2,4638,0.022410031
2,4639,-0.0029509114
2,4640,0.0915774
2,4641,0.048102017
2,4642,0.104198836
2,4643,0.18474823
2,4644,0.07259675
2,4645,0.0057702614
2,4646,0.18914449
2,4647,0.11867126
2,4648,0.07063057
2,4649,0.011264916
2,4650,0.054459985
2,4651,0.010235782
2,4652,0.12092119
2,4653,0.07013231
2,4654,0.02980667
2,4655,0.116605215
2,4656,0.30481726
2,4657,0.070066236
2,4658,0.112795524
2,4659,0.368319
2,4660,0.09321039
2,4661,0.13338608
2,4662,0.013586159
2,4663,0.15671608
2,4664,0.09005415
2,4665,0.06633078
2,4666,0.032333937
2,4667,0.076755755
2,4668,0.02689981
2,4669,0.23068643
2,4670,0.09299859
2,4671,0.13353398
2,4672,0.19801003
2,4673,0.0078070713
2,4674,0.05126613
2,4675,0.10742953
2,4676,0.0111096455
2,4677,0.030357238
2,4678,0.15328074
2,4679,0.034280982
2,4680,0.15493384
2,4681,0.052389022
2,4682,0.14625663
2,4683,-0.0019035982
2,4684,0.029964443
2,4685,0.23265803
2,4686,0.019715812
2,4687,0.02009603
2,4688,0.055314418
2,4689,0.10528203
2,4690,0.025325593
2,4691,0.19423753
2,4692,0.044101413
2,4693,0.06126141
2,4694,0.16561872
2,4695,0.10452702
2,4696,0.1370284
2,4697,0.024542388
2,4698,0.07923757
2,4699,0.1201257
2,4700,0.2807668
2,4701,0.07330074
2,4702,0.04669636
2,4703,0.03092667
2,4704,0.2208702
2,4705,0.021437462
2,4706,0.06148457
2,4707,0.2554159
2,4708,0.00030970108
2,4709,0.048209157
2,4710,0.08224913
2,4711,0.11548399
2,4712,0.047493007
2,4713,0.080122285
2,4714,0.09632038
2,4715,0.039124724
2,4716,0.027652021
2,4717,0.2154328
2,4718,0.026596423
2,4719,0.018097993
2,4720,0.10352787
2,4721,0.005179162
2,4722,0.06452214
2,4723,0.11152338
2,4724,0.07195803
2,4725,0.19002324
2,4726,0.08778655
2,4727,0.04859602
2,4728,0.0054492904
2,4729,0.00028460752
2,4730,0.12376615
2,4731,0.2424308
2,4732,0.18673724
2,4733,0.01680028
2,4734,0.09332272
2,4735,0.083452605
2,4736,0.28165323
2,4737,0.11535331
2,4738,0.1491893
2,4739,0.105632655
2,4740,0.06811743
2,4741,0.16603413
2,4742,0.0484184
2,4743,0.007458682
2,4744,0.03638142
2,4745,0.040457126
2,4746,0.07840689
2,4747,0.14833629
2,4748,0.016758736
2,4749,0.010427053
2,4750,0.16952363
2,4751,0.0007796241
2,4752,0.2226128
2,4753,0.014555599
2,4754,0.09820234
2,4755,0.027450021
2,4756,0.010987456
2,4757,0.062220152
2,4758,0.06402647
2,4759,0.04330444
2,4760,0.0806806
2,4761,0.055466887
2,4762,0.04938939
2,4763,0.049974974
2,4764,0.026582535
2,4765,0.00432163
2,4766,0.12403499
2,4767,0.012370701
2,4768,0.019421753
2,4769,0.055991825
2,4770,0.082540564
2,4771,0.039165076
2,4772,0.15529823
2,4773,0.06501471
2,4774,0.15977508
2,4775,0.064955585
2,4776,-0.002468829
2,4777,0.13340122
2,4778,0.035860237
2,4779,0.02419066
2,4780,0.10399493
2,4781,0.083975725
2,4782,0.041001525
2,4783,0.046935555
2,4784,0.049747612
2,4785,0.119128756
2,4786,0.046487268
2,4787,0.16551542
2,4788,0.077681
2,4789,0.119112365
2,4790,0.28321382
2,4791,0.17366871
2,4792,-0.0037989067
2,4793,0.04618567
2,4794,0.082855694
2,4795,0.04599374
2,4796,0.02088612
2,4797,0.113684855
2,4798,0.14513451
2,4799,0.07420086
2,4800,0.014738019
2,4801,0.060683664
2,4802,0.04802456
2,4803,-0.0024099993
2,4804,0.05709609
2,4805,0.07650613
2,4806,0.043232556
2,4807,0.08036082
2,4808,0.01616704
2,4809,0.038595404
2,4810,0.16370949
2,4811,0.18259442
2,4812,0.19031858
2,4813,0.09963434
2,4814,0.08032393
2,4815,0.09082084
2,4816,0.028475102
2,4817,0.018175509
2,4818,0.10023456
2,4819,0.13482267
2,4820,0.05293679
2,4821,0.13785931
2,4822,0.048183855
2,4823,0.121586524
2,4824,0.19265616
2,4825,0.094513975
2,4826,0.0625683
2,4827,0.027591553
2,4828,0.08357664
2,4829,0.19613609
2,4830,0.007791276
2,4831,0.03712338
2,4832,0.08486002
2,4833,0.027599033
2,4834,0.11782142
2,4835,0.02463251
2,4836,0.061142202
2,4837,0.046442237
2,4838,0.040736523
2,4839,0.10966157
2,4840,0.010400469
2,4841,0.14977914
2,4842,0.027430054
2,4843,0.16630194
2,4844,0.12527514
2,4845,0.10726332
2,4846,0.13324246
2,4847,0.039464053
2,4848,0.013343568
2,4849,0.10779377
2,4850,0.022964712
2,4851,0.112441085
2,4852,0.33223695
2,4853,0.10921698
2,4854,0.15182388
2,4855,0.019789841
2,4856,0.0032560779
2,4857,0.018061426
2,4858,0.044547435
2,4859,0.035508808
2,4860,0.078528754
2,4861,0.043220874
2,4862,1.5254132e-05
2,4863,0.043806758
2,4864,0.13773239
2,4865,0.07225644
2,4866,0.19826451
2,4867,0.16304761
2,4868,0.005297716
2,4869,0.0010433448
2,4870,-0.0040936517
2,4871,0.00013774168
2,4872,-0.0027123736
2,4873,0.020033415
2,4874,0.086719744
2,4875,0.14894205
2,4876,0.0966857
2,4877,0.19999921
2,4878,0.046324905
2,4879,0.11330151
2,4880,0.107161574
2,4881,0.033093836
2,4882,0.07045575
2,4883,0.0492869
2,4884,0.005161877
2,4885,0.043270525
2,4886,0.045817878
2,4887,0.05316293
2,4888,0.0025660945
2,4889,0.095778935
2,4890,0.054370042
2,4891,0.030001547
2,4892,0.14907354
2,4893,0.31704682
2,4894,0.19954365
2,4895,0.050929006
2,4896,0.03969645
2,4897,0.15191251
2,4898,0.05174422
2,4899,0.0142669035
2,4900,0.13687828
2,4901,0.13302249
2,4902,0.029298183
2,4903,0.0987389
2,4904,0.029298004
2,4905,0.18482411
2,4906,0.051036593
2,4907,0.106855296
2,4908,0.083437376
2,4909,0.016383823
2,4910,0.09187471
2,4911,0.10860931
2,4912,0.15511763
2,4913,0.1588403
2,4914,0.08545338
2,4915,0.063259654
2,4916,0.041224476
2,4917,0.039646473
2,4918,0.042120095
2,4919,0.008903201
2,4920,0.15791279
2,4921,0.11204942
2,4922,0.020797368
2,4923,0.08039033
2,4924,0.0054939343
2,4925,0.07809549
2,4926,0.117838316
2,4927,0.23248503
2,4928,0.14059812
2,4929,0.21522617
2,4930,0.05295038
2,4931,0.074753664
2,4932,0.042945083
2,4933,-0.00070959795
2,4934,0.023144837
2,4935,0.11982074
2,4936,0.044386324
2,4937,-0.00017673243
2,4938,0.1281867
2,4939,-0.004670148
2,4940,0.1937907
2,4941,0.09791928
2,4942,0.060718145
2,4943,0.14792359
2,4944,0.12102895
2,4945,0.17378837
2,4946,0.081958465
2,4947,0.08357187
2,4948,0.0856713
2,4949,0.004737134
2,4950,0.0021202518
2,4951,0.04144275
2,4952,0.01934385
2,4953,0.14379454
2,4954,0.07663786
2,4955,0.022181984
2,4956,0.10205426
2,4957,0.029163089
2,4958,0.061730023
2,4959,0.053633746
2,4960,0.15848857
2,4961,0.22599748
2,4962,0.035563882
2,4963,0.14721811
2,4964,0.07313015
2,4965,0.035274442
2,4966,0.13276774
2,4967,0.18781549
2,4968,-0.0046141194
2,4969,0.065608196
2,4970,0.2072497
2,4971,0.011614437
2,4972,0.18718624
2,4973,0.18026996
2,4974,0.13690925
2,4975,0.337273
2,4976,0.060169216
2,4977,0.1027508
2,4978,0.06730681
2,4979,0.03378051
2,4980,0.23352444
2,4981,0.017241653
2,4982,0.082528464
2,4983,0.1766634
2,4984,0.25170556
2,4985,0.10113575
2,4986,0.0062044216
2,4987,0.0234127
2,4988,0.024084922
2,4989,0.10103261
2,4990,0.031833824
2,4991,0.09098636
2,4992,0.015607531
2,4993,0.118825726
2,4994,0.06155997
2,4995,0.036802348
2,4996,0.120779864
2,4997,0.44244176
2,4998,0.07679974
2,4999,0.2510674
2,5000,0.067765824
2,5001,0.18278626
2,5002,0.0008460237
2,5003,0.23616654
2,5004,0.13217393
2,5005,0.049136456
2,5006,0.54541075
2,5007,0.04632857
2,5008,0.0055666817
2,5009,0.29520547
2,5010,0.002407725
2,5011,0.40825683
2,5012,0.14075178
2,5013,0.21560836
2,5014,-0.00065577496
2,5015,0.021735188
2,5016,0.073659055
2,5017,0.14633447
2,5018,0.30139154
2,5019,0.050387736
2,5020,0.13373572
2,5021,0.1037954
2,5022,0.0775777
2,5023,0.15347648
2,5024,0.30453584
2,5025,0.16821858
2,5026,0.02640998
2,5027,0.047339674
2,5028,0.07554924
2,5029,0.117006116
2,5030,0.0008602692
2,5031,0.01656359
2,5032,0.17296487
2,5033,0.005603249
2,5034,0.19398147
2,5035,-0.0010874318
2,5036,0.10851654
2,5037,0.0057491614
2,5038,0.1175785
2,5039,-0.0004674839
2,5040,0.16337284
2,5041,0.040630814
2,5042,0.06564423
2,5043,0.0653758
2,5044,0.10574814
2,5045,0.025261637
2,5046,0.13366276
2,5047,0.040490504
2,5048,0.30840263
2,5049,0.25747862
2,5050,-0.0021041082
2,5051,0.051393654
2,5052,0.31447756
2,5053,0.06170046
2,5054,0.011729176
2,5055,0.07035368
2,5056,0.06421261
2,5057,0.24459618
2,5058,0.11917823
2,5059,0.04230353
2,5060,0.07312318
2,5061,0.09881192
2,5062,-0.000871961
2,5063,0.13532034
2,5064,0.018320616
2,5065,0.23203665
2,5066,0.075308196
2,5067,0.015231307
2,5068,0.27544236
2,5069,0.07811009
2,5070,0.13333347
2,5071,0.22845727
2,5072,0.016846117
2,5073,0.185942
2,5074,0.056970593
2,5075,0.1649611
2,5076,0.0071394397
2,5077,0.019836064
2,5078,-0.003974323
2,5079,0.068145745
2,5080,0.31307715
2,5081,0.04004657
2,5082,0.17530546
2,5083,0.02166557
2,5084,0.03316092
2,5085,0.16507766
2,5086,0.18703559
2,5087,0.015327449
2,5088,0.095148556
2,5089,0.12843147
2,5090,0.10231873
2,5091,0.14163616
2,5092,0.002916093
2,5093,0.105766974
2,5094,0.06962287
2,5095,0.12497144
2,5096,0.094515674
2,5097,0.015622134
2,5098,0.10212057
2,5099,0.25377476
2,5100,0.23838502
2,5101,0.13255507
2,5102,0.02317923
2,5103,0.087779485
2,5104,0.2568082
2,5105,0.08721628
2,5106,0.16937721
2,5107,0.008197661
2,5108,0.10758155
2,5109,0.14650616
2,5110,0.07173403
2,5111,0.2106936
2,5112,0.02345049
2,5113,0.04514512
2,5114,0.14985704
2,5115,0.28493598
2,5116,0.061257537
2,5117,0.1585657
2,5118,0.0461114
2,5119,0.11658075
2,5120,0.20456189
2,5121,0.1440841
2,5122,0.08037167
2,5123,0.025410887
2,5124,0.0056810034
2,5125,0.02852225
2,5126,0.11824485
2,5127,-0.00045550335
2,5128,0.10109576
2,5129,0.074893676
2,5130,0.14872816
2,5131,0.13916653
2,5132,0.03750318
2,5133,0.18048787
2,5134,0.18196937
2,5135,0.057380076
2,5136,0.028809544
2,5137,0.07344823
2,5138,0.09557947
2,5139,0.08260154
2,5140,0.17658174
2,5141,0.15802974
2,5142,0.04181963
2,5143,0.15875083
2,5144,0.16364881
2,5145,0.11249291
2,5146,0.1193675
2,5147,0.0037283255
2,5148,0.13995689
2,5149,0.048752155
2,5150,0.19098115
2,5151,0.09282973
2,5152,0.16139182
2,5153,0.16953999
2,5154,0.017501887
2,5155,0.23797053
2,5156,0.3684226
2,5157,0.12410813
2,5158,0.27413622
2,5159,0.29750603
2,5160,0.042507645
2,5161,0.007087047
2,5162,0.09353881
2,5163,0.092931144
2,5164,0.009229447
2,5165,0.040932473
2,5166,0.20819634
2,5167,0.0779125
2,5168,0.14505693
2,5169,0.0064635826
2,5170,0.017324176
2,5171,0.06119701
2,5172,0.084079556
2,5173,0.074305646
2,5174,0.11316448
2,5175,0.15343034
2,5176,0.0693024
2,5177,0.04497462
2,5178,0.05289441
2,5179,0.06678667
2,5180,0.019714471
2,5181,0.023385968
2,5182,0.012410785
2,5183,0.16069284
2,5184,0.06781431
2,5185,0.06274294
2,5186,0.054192837
2,5187,0.06743013
2,5188,0.05263638
2,5189,0.216151
2,5190,0.0008845283
2,5191,0.14511544
2,5192,0.042914983
2,5193,0.16588289
2,5194,0.002986039
2,5195,0.07771631
2,5196,0.0028907908
2,5197,0.12291514
2,5198,0.034288075
2,5199,0.007942374
2,5200,0.1840038
2,5201,0.19357908
2,5202,0.047792163
2,5203,0.044871088
2,5204,0.0382933
2,5205,0.17481932
2,5206,0.061752584
2,5207,0.031828787
2,5208,0.2841751
2,5209,0.31463033
2,5210,0.037487205
2,5211,0.0004191948
2,5212,0.08019038
2,5213,0.16311797
2,5214,0.118510775
2,5215,0.044516977
2,5216,0.18626511
2,5217,0.11494162
2,5218,0.205473
2,5219,0.00513574
2,5220,0.0011933399
2,5221,0.022756513
2,5222,0.022989865
2,5223,0.14494073
2,5224,0.03777268
2,5225,0.09398954
2,5226,0.23074967
2,5227,0.1936763
2,5228,0.19737938
2,5229,0.11415412
2,5230,0.122683816
2,5231,0.022397753
2,5232,0.06510078
2,5233,0.06989341
2,5234,0.034547593
2,5235,0.10626935
2,5236,0.11665606
2,5237,0.07390445
2,5238,0.0036606146
2,5239,0.0057004644
2,5240,0.0841985
2,5241,-0.003162508
2,5242,0.18747336
2,5243,0.04563361
2,5244,0.16341317
2,5245,0.037762042
2,5246,0.006519313
2,5247,0.22497165
2,5248,0.018582817
2,5249,0.040665146
2,5250,0.07281893
2,5251,0.010777648
2,5252,0.11008715
2,5253,0.027284022
2,5254,0.01625764
2,5255,0.106416516
2,5256,0.34405285
2,5257,0.12138077
2,5258,0.02653807
2,5259,0.15445694
2,5260,0.25566366
2,5261,0.009197916
2,5262,0.02967083
2,5263,0.07988804
2,5264,0.12735501
2,5265,0.10924678
2,5266,0.2364488
2,5267,0.022875901
2,5268,0.03815758
2,5269,0.002312
2,5270,0.06974273
2,5271,0.072131746
2,5272,0.060587432
2,5273,0.037848767
2,5274,-0.0013474869
2,5275,0.08111524
2,5276,0.24467021
2,5277,0.061032947
2,5278,0.043285783
2,5279,0.056312796
2,5280,-0.00033224095
2,5281,0.19151878
2,5282,6.538164e-05
2,5283,0.008368189
2,5284,0.02225947
2,5285,0.16633701
2,5286,0.18322504
2,5287,0.20354873
2,5288,0.01491117
2,5289,0.02671593
2,5290,0.1415171
2,5291,0.075248025
2,5292,0.08061423
2,5293,0.041471656
2,5294,0.15160277
2,5295,0.1792996
2,5296,0.07644113
2,5297,0.13870963
2,5298,0.017559227
2,5299,0.044975575
2,5300,0.0059170676
2,5301,0.0776323
2,5302,0.049032148
2,5303,0.033669706
2,5304,0.21724069
2,5305,-0.0025766836
2,5306,0.016763058
2,5307,0.011858399
2,5308,0.026415106
2,5309,0.16395146
2,5310,0.039225694
2,5311,0.30465353
2,5312,0.09644329
2,5313,0.16574347
2,5314,0.13556966
2,5315,0.10931327
2,5316,0.062599175
2,5317,0.09523373
2,5318,0.12473451
2,5319,0.07054853
2,5320,0.27195153
2,5321,0.0100246025
2,5322,0.016478088
2,5323,0.13656881
2,5324,0.054959502
2,5325,0.0792894
2,5326,0.12191587
2,5327,0.028186377
2,5328,0.29549524
2,5329,0.051265385
2,5330,0.080177836
2,5331,0.021839853
2,5332,0.1173804
2,5333,-0.0037493454
2,5334,-0.0041693496
2,5335,0.016904559
2,5336,0.03887343
2,5337,0.040493127
2,5338,0.22883707
2,5339,0.13157791
2,5340,0.057019677
2,5341,0.058081117
2,5342,-0.0030185329
2,5343,0.20951423
2,5344,0.081983976
2,5345,0.26911762
2,5346,0.16053566
2,5347,0.23197564
2,5348,0.17234981
2,5349,0.08032297
2,5350,-0.0016717957
2,5351,0.03940576
2,5352,0.11874875
2,5353,0.34841162
2,5354,0.15375492
2,5355,0.0131604625
2,5356,0.17677835
2,5357,0.06341907
2,5358,0.051148828
2,5359,0.12206488
2,5360,0.16230243
2,5361,0.097250395
2,5362,0.08971243
2,5363,0.26464278
2,5364,0.07517909
2,5365,0.18738544
2,5366,0.24519977
2,5367,0.07999676
2,5368,0.03381362
2,5369,0.12742203
2,5370,0.1535533
2,5371,0.09696316
2,5372,0.10037675
2,5373,0.05637696
2,5374,0.263746
2,5375,0.03329059
2,5376,0.10830402
2,5377,0.31332737
2,5378,0.16389251
2,5379,-0.0002315389
2,5380,0.05694258
2,5381,0.2161563
2,5382,0.030024555
2,5383,0.0893928
2,5384,0.15585601
2,5385,0.1528067
2,5386,0.26363605
2,5387,0.11767819
2,5388,0.07935285
2,5389,0.17020047
2,5390,0.13733429
2,5391,0.024213787
2,5392,0.19735688
2,5393,0.0010463549
2,5394,0.10959398
2,5395,0.020820912
2,5396,0.00017770659
2,5397,0.13482201
2,5398,0.08017313
2,5399,0.1822235
2,5400,0.0607745
2,5401,0.038515802
2,5402,0.12552482
2,5403,0.068239026
2,5404,0.07832118
2,5405,0.021577772
2,5406,0.023668643
2,5407,-0.0024874555
2,5408,0.3160664
2,5409,0.0065188957
2,5410,0.11123442
2,5411,0.027184065
2,5412,0.026253667
2,5413,0.033559736
2,5414,0.19474131
2,5415,0.07156365
2,5416,0.020407137
2,5417,0.08490332
2,5418,0.13438496
2,5419,0.23687449
2,5420,0.010486598
2,5421,0.07896232
2,5422,0.23919353
2,5423,0.14751509
2,5424,0.051764395
2,5425,0.07739853
2,5426,0.0752775
2,5427,0.020386007
2,5428,0.031749483
2,5429,0.012115623
2,5430,0.06547239
2,5431,0.06532224
2,5432,0.23212457
2,5433,0.19940385
2,5434,0.0014488054
2,5435,0.17002308
2,5436,0.09489598
2,5437,0.15383261
2,5438,0.1109023
2,5439,0.08997094
2,5440,0.12576723
2,5441,0.104993366
2,5442,-0.0017997669
2,5443,0.114070676
2,5444,0.056153562
2,5445,0.00848874
2,5446,0.09175786
2,5447,0.04594579
2,5448,0.013527478
2,5449,0.09856068
2,5450,0.0064901663
2,5451,0.11099502
2,5452,0.057248052
2,5453,0.011518831
2,5454,0.052150007
2,5455,0.08652761
2,5456,0.08379852
2,5457,0.15318468
2,5458,0.09438711
2,5459,0.16012383
2,5460,0.00405478
2,5461,0.052692886
2,5462,0.049469557
2,5463,0.07099094
2,5464,0.20938912
2,5465,0.055536684
2,5466,0.026113626
2,5467,0.048785593
2,5468,0.099674456
2,5469,0.19509402
2,5470,0.09440806
2,5471,0.09642064
2,5472,0.01926842
2,5473,0.1875518
2,5474,0.2788881
2,5475,0.0038453592
2,5476,0.17779213
2,5477,0.06606244
2,5478,0.08974143
2,5479,0.014283235
2,5480,0.113420956
2,5481,0.007137443
2,5482,0.09885495
2,5483,0.30090106
2,5484,0.0635001
2,5485,0.064944796
2,5486,0.025199052
2,5487,0.088537924
2,5488,0.08579635
2,5489,0.18533647
2,5490,0.08874794
2,5491,0.11416244
2,5492,0.13117316
2,5493,0.09054565
2,5494,0.12063407
2,5495,0.119147174
2,5496,0.030176874
2,5497,0.13548738
2,5498,0.061949935
2,5499,0.10208418
2,5500,0.023036357
2,5501,0.15964171
2,5502,0.00055825245
2,5503,0.019980546
2,5504,0.04074609
2,5505,0.10932594
2,5506,0.012319858
2,5507,0.07046818
2,5508,0.0003807498
2,5509,0.016831394
2,5510,0.09632265
2,5511,0.13851002
2,5512,0.11312812
2,5513,0.11196899
2,5514,0.02748179
2,5515,0.352978
2,5516,0.04675844
2,5517,0.10551026
2,5518,0.089142196
2,5519,0.15107048
2,5520,0.121811055
2,5521,0.21955335
2,5522,0.15571558
2,5523,0.074078135
2,5524,0.063894205
2,5525,0.05218261
2,5526,0.071388625
2,5527,0.036611076
2,5528,0.029630508
2,5529,0.14956021
2,5530,0.06032693
2,5531,0.047104474
2,5532,0.21694252
2,5533,0.058025237
2,5534,0.3101288
2,5535,0.06688043
2,5536,0.020569053
2,5537,0.11273163
2,5538,0.08766847
2,5539,0.03909236
2,5540,0.018081602
2,5541,0.17488301
2,5542,0.18139938
2,5543,0.08426552
2,5544,0.12276875
2,5545,0.026838657
2,5546,0.012306566
2,5547,0.10527455
2,5548,0.06458699
2,5549,0.107978754
2,5550,0.0726965
2,5551,0.14085001
2,5552,0.05094629
2,5553,0.16284198
2,5554,0.29256994
2,5555,0.19354299
2,5556,-0.004875724
2,5557,0.02531543
2,5558,0.13484937
2,5559,0.31672257
2,5560,0.05326825
2,5561,0.040806647
2,5562,0.022281583
2,5563,0.040906724
2,5564,0.0599302
2,5565,0.09986042
2,5566,0.21978864
2,5567,0.03894263
2,5568,-0.0003086375
2,5569,0.03773531
2,5570,0.3934656
2,5571,0.12739989
2,5572,0.20044193
2,5573,0.21977848
2,5574,0.118179016
2,5575,0.06577777
2,5576,0.1260919
2,5577,0.14787549
2,5578,0.005272622
2,5579,0.13233718
2,5580,0.09088754
2,5581,-0.0049248384
2,5582,0.0031811548
2,5583,0.09216692
2,5584,0.16163534
2,5585,0.012230094
2,5586,0.13079011
2,5587,0.13487527
2,5588,0.1219553
2,5589,0.28392258
2,5590,0.26550844
2,5591,0.047247496
2,5592,0.040668663
2,5593,0.082603864
2,5594,0.15881339
2,5595,0.12739557
2,5596,0.0061078025
2,5597,0.07103469
2,5598,0.15927881
2,5599,0.26182637
2,5600,0.06902062
2,5601,0.08347323
2,5602,0.09180348
2,5603,0.005395378
2,5604,0.10696917
2,5605,0.064708225
2,5606,0.038962986
2,5607,0.079695605
2,5608,0.10683625
2,5609,0.12822807
2,5610,0.109026514
2,5611,0.21895272
2,5612,0.008435751
2,5613,0.034876402
2,5614,0.067393325
2,5615,0.028292712
2,5616,0.07790845
2,5617,0.011128689
2,5618,0.09634935
2,5619,0.13220674
2,5620,0.12117689
2,5621,0.040705618
2,5622,0.029057201
2,5623,0.02637666
2,5624,0.02607217
2,5625,0.12196823
2,5626,0.08126073
2,5627,0.013826276
2,5628,0.031135615
2,5629,0.07571768
2,5630,0.20276222
2,5631,0.09488534
2,5632,0.21609342
2,5633,0.10794421
2,5634,0.13425994
2,5635,0.11947136
2,5636,0.059282
2,5637,0.103909604
2,5638,0.029205259
2,5639,0.23927456
2,5640,0.040172633
2,5641,0.030171152
2,5642,0.021054622
2,5643,0.06504279
2,5644,0.22348976
2,5645,0.15067366
2,5646,0.109267645
2,5647,0.21673661
2,5648,0.009732719
2,5649,0.047630664
2,5650,0.08771222
2,5651,0.026314374
2,5652,0.12372541
2,5653,0.024966087
2,5654,0.05686706
2,5655,0.21717173
2,5656,0.044121917
2,5657,0.045630213
2,5658,0.020777997
2,5659,0.20465031
2,5660,0.18795705
2,5661,0.0024712337
2,5662,0.088314526
2,5663,0.07629203
2,5664,0.0023777438
2,5665,0.03196531
2,5666,0.03411829
2,5667,0.19958702
2,5668,0.11963212
2,5669,0.3166558
2,5670,0.032702472
2,5671,0.11616921
2,5672,0.017892238
2,5673,0.03415447
2,5674,-0.0024870085
2,5675,0.10416197
2,5676,0.09987258
2,5677,0.050575968
2,5678,0.17929044
2,5679,0.011545057
2,5680,0.20843917
2,5681,0.13575768
2,5682,0.17292386
2,5683,0.17694187
2,5684,0.12498804
2,5685,0.15867895
2,5686,0.2575693
2,5687,0.023158457
2,5688,0.05941486
2,5689,0.23319179
2,5690,0.086338334
2,5691,0.15801463
2,5692,0.22471732
2,5693,0.039011624
2,5694,0.005145545
2,5695,0.07818275
2,5696,0.17829901
2,5697,0.07340791
2,5698,0.08488422
2,5699,0.065136425
2,5700,0.093873166
2,5701,0.066647165
2,5702,0.1636715
2,5703,0.04405212
2,5704,0.06379726
2,5705,0.061729725
2,5706,0.030288722
2,5707,0.12616187
2,5708,0.071934216
2,5709,0.055515405
2,5710,0.05169856
2,5711,0.03658771
2,5712,0.017008718
2,5713,0.0068816496
2,5714,0.13409066
2,5715,0.20385554
2,5716,0.091646604
2,5717,-0.00054666866
2,5718,0.029935833
2,5719,0.11773827
2,5720,0.078613095
2,5721,0.06114232
2,5722,0.20483035
2,5723,0.07766425
2,5724,0.146685
2,5725,0.07963949
2,5726,0.009670074
2,5727,0.26713088
2,5728,0.055957433
2,5729,0.11445781
2,5730,0.031301495
2,5731,0.104802035
2,5732,0.006419058
2,5733,0.020287748
2,5734,0.04265308
2,5735,0.009706284
2,5736,0.09911131
2,5737,0.052367296
2,5738,0.13043123
2,5739,0.02823281
2,5740,0.083548896
2,5741,0.005100186
2,5742,0.07916128
2,5743,0.013809319
2,5744,0.09970599
2,5745,0.045445617
2,5746,0.04002693
2,5747,0.03423583
2,5748,0.110425346
2,5749,0.08154016
2,5750,0.044161912
2,5751,0.039016243
2,5752,0.04930949
2,5753,0.05219641
2,5754,0.16851217
2,5755,0.06766825
2,5756,0.13935107
2,5757,0.17456394
2,5758,0.17059922
2,5759,0.10991075
2,5760,0.10342925
2,5761,0.09627228
2,5762,0.0029112054
2,5763,0.1478554
2,5764,-0.00091240276
2,5765,0.19167581
2,5766,0.12008446
2,5767,0.02450728
2,5768,0.07752972
2,5769,0.12726736
2,5770,0.02341884
2,5771,0.27267358
2,5772,0.14724368
2,5773,0.031810697
2,5774,0.012989993
2,5775,0.061331328
2,5776,0.035875615
2,5777,0.12340089
2,5778,0.0145699335
2,5779,0.13739192
2,5780,0.20658147
2,5781,0.012023027
2,5782,0.038009223
2,5783,0.05754214
2,5784,0.1609217
2,5785,6.6710636e-06
2,5786,0.04793274
2,5787,0.054073688
2,5788,0.08928575
2,5789,0.20248926
2,5790,0.07379492
2,5791,0.014164324
2,5792,0.012469466
2,5793,0.0139741255
2,5794,0.018811282
2,5795,0.007158394
2,5796,0.14515334
2,5797,0.10394495
2,5798,0.12474399
2,5799,0.17735022
2,5800,0.019796368
2,5801,0.14304775
2,5802,0.14973468
2,5803,0.13694328
2,5804,0.06634333
2,5805,0.038649525
2,5806,0.06984048
2,5807,0.04659867
2,5808,0.13997066
2,5809,0.10479646
2,5810,0.17246342
2,5811,0.18886101
2,5812,0.12562856
2,5813,0.017539676
2,5814,0.10583972
2,5815,0.19398004
2,5816,0.09239041
2,5817,0.045030113
2,5818,0.013928111
2,5819,0.09021496
2,5820,0.20278317
2,5821,0.13768196
2,5822,0.14787984
2,5823,0.056508597
2,5824,0.023775306
2,5825,0.18310684
2,5826,0.1662873
2,5827,0.21126008
2,5828,0.056248065
2,5829,0.011679764
2,5830,0.047807034
2,5831,0.15456551
2,5832,0.057292994
2,5833,0.07313942
2,5834,0.020530459
2,5835,0.028838899
2,5836,0.0893523
2,5837,0.08983236
2,5838,0.032567676
2,5839,-0.0038995193
2,5840,0.09885966
2,5841,0.07964652
2,5842,0.21653214
2,5843,0.13440552
2,5844,0.14918137
2,5845,0.13167155
2,5846,0.09255635
2,5847,0.11956095
2,5848,0.0776621
2,5849,0.21607104
2,5850,0.03633189
2,5851,0.024963137
2,5852,0.13216853
2,5853,0.0110304905
2,5854,0.083708696
2,5855,0.067429
2,5856,0.0033888472
2,5857,0.0075148
2,5858,0.17454967
2,5859,0.03771996
2,5860,0.045319136
2,5861,0.0074447347
2,5862,0.11633205
2,5863,0.038310375
2,5864,0.25535578
2,5865,0.106029324
2,5866,0.0035421802
2,5867,0.056566413
2,5868,0.028154548
2,5869,0.024916288
2,5870,0.14840722
2,5871,0.038286265
2,5872,0.0227524
2,5873,0.19672543
2,5874,0.103890054
2,5875,0.08205884
2,5876,-0.0021203207
2,5877,0.14117855
2,5878,0.15196827
2,5879,0.0006191088
2,5880,0.06754743
2,5881,0.23495007
2,5882,0.05092245
2,5883,0.1739141
2,5884,0.06825321
2,5885,0.07131674
2,5886,0.17575753
2,5887,0.07093456
2,5888,0.004472579
2,5889,-0.0012173103
2,5890,0.09041571
2,5891,0.08415776
2,5892,0.1473723
2,5893,0.07848012
2,5894,0.06683373
2,5895,0.19071639
2,5896,0.040816303
2,5897,0.018994715
2,5898,0.005879338
2,5899,0.10639637
2,5900,0.0052857352
2,5901,0.22934917
2,5902,0.10552161
2,5903,0.025410946
2,5904,0.0005253507
2,5905,-0.0047437595
2,5906,0.03643113
2,5907,0.021242555
2,5908,0.3674013
2,5909,0.12612277
2,5910,0.0755144
2,5911,0.0860449
2,5912,0.10882559
2,5913,0.10421973
2,5914,0.071230434
2,5915,0.074652694
2,5916,0.025467273
2,5917,0.098239295
2,5918,0.019531604
2,5919,0.046675917
2,5920,0.044524785
2,5921,0.064768545
2,5922,0.03638416
2,5923,0.11229586
2,5924,0.04201394
2,5925,0.045479294
2,5926,0.023053017
2,5927,0.13889855
2,5928,0.2524618
2,5929,0.004820938
2,5930,0.02232122
2,5931,0.17924008
2,5932,0.023535725
2,5933,0.0042768074
2,5934,0.19092503
2,5935,0.123305134
2,5936,0.06720128
2,5937,0.081121914
2,5938,0.15356585
2,5939,0.19036204
2,5940,0.06542688
2,5941,0.18945372
2,5942,0.07134508
2,5943,0.030606207
2,5944,0.11461692
2,5945,0.10782277
2,5946,0.09342145
2,5947,0.087649606
2,5948,0.095893554
2,5949,0.035173412
2,5950,0.004070784
2,5951,0.064091615
2,5952,0.048158582
2,5953,0.008772547
2,5954,0.037611064
2,5955,0.033016887
2,5956,0.034063783
2,5957,0.17336547
2,5958,0.15504026
2,5959,0.01598936
2,5960,0.05037087
2,5961,0.04922056
2,5962,0.009733553
2,5963,0.10911047
2,5964,0.14039016
2,5965,0.03275871
2,5966,0.045536216
2,5967,0.008641656
2,5968,0.059529807
2,5969,0.15144086
2,5970,0.04799008
2,5971,0.046631422
2,5972,0.03279021
2,5973,0.045780417
2,5974,0.054380234
2,5975,0.032313224
2,5976,0.18130708
2,5977,0.0034423126
2,5978,0.14186084
2,5979,0.02127346
2,5980,0.085056
2,5981,0.12833428
2,5982,0.12888402
2,5983,0.043846723
2,5984,0.0025338484
2,5985,0.07666021
2,5986,0.0005702926
2,5987,0.01632386
2,5988,0.012191589
2,5989,0.23919928
2,5990,0.030040797
2,5991,0.067907505
2,5992,0.0023392988
2,5993,0.2385374
2,5994,0.107750796
2,5995,0.119570546
2,5996,0.027219411
2,5997,0.031616386
2,5998,0.047605153
2,5999,0.011835034
2,6000,0.17785102
2,6001,0.09040355
2,6002,0.21999061
2,6003,0.07373094
2,6004,0.044470366
2,6005,0.007910307
2,6006,0.016514715
2,6007,0.11697661
2,6008,0.058093246
2,6009,0.030499455
2,6010,0.00082623493
2,6011,0.01717734
2,6012,0.018065926
2,6013,0.0004394604
2,6014,-0.0029411362
2,6015,0.12136262
2,6016,0.010903056
2,6017,0.029288944
2,6018,0.027769443
2,6019,-0.0030838894
2,6020,0.012057657
2,6021,-0.0019521164
2,6022,0.10160338
2,6023,0.060378548
2,6024,0.16713104
2,6025,0.09524422
2,6026,0.107336365
2,6027,0.036780175
2,6028,0.14505464
2,6029,0.088349484
2,6030,0.07790511
2,6031,0.02891403
2,6032,0.104832344
2,6033,0.15840176
2,6034,0.0810655
2,6035,0.067847125
2,6036,0.08333265
2,6037,0.027018752
2,6038,-0.0033429014
2,6039,0.009878631
2,6040,0.026041385
2,6041,0.016964015
2,6042,0.069921486
2,6043,0.03024983
2,6044,0.0016813828
2,6045,0.19355282
2,6046,0.19991505
2,6047,0.067134194
2,6048,0.1878455
2,6049,0.023281273
2,6050,0.09747546
2,6051,-0.0033947276
2,6052,0.05675065
2,6053,0.009523417
2,6054,0.010624344
2,6055,0.18335548
2,6056,0.07225608
2,6057,0.2079072
2,6058,0.092555694
2,6059,0.10962313
2,6060,0.13958862
2,6061,0.100771
2,6062,0.0787025
2,6063,0.04882085
2,6064,0.06838327
2,6065,0.090639345
2,6066,0.09197863
2,6067,0.13855886
2,6068,0.21414542
2,6069,0.034785923
2,6070,0.08627992
2,6071,0.09060716
2,6072,0.060585376
2,6073,0.1893293
2,6074,0.03870898
2,6075,0.13550141
2,6076,-0.0048466967
2,6077,0.07160627
2,6078,0.13901013
2,6079,0.022808667
2,6080,0.2847793
2,6081,0.16083437
2,6082,0.114949904
2,6083,0.187163
2,6084,0.078133754
2,6085,-0.0013114857
2,6086,0.049514946
2,6087,0.019200083
2,6088,0.009760733
2,6089,0.034165975
2,6090,0.11964326
2,6091,0.17318207
2,6092,0.21444994
2,6093,0.004191394
2,6094,0.19992384
2,6095,0.17471904
2,6096,0.065323554
2,6097,0.13686267
2,6098,0.14802831
2,6099,0.031025466
2,6100,0.0062662913
2,6101,0.0589264
2,6102,0.11735319
2,6103,0.16966468
2,6104,0.14766258
2,6105,0.11158072
2,6106,0.071908884
2,6107,0.04535943
2,6108,0.24868786
2,6109,0.06874835
2,6110,0.21648967
2,6111,0.01624411
2,6112,0.043280717
2,6113,0.037060972
2,6114,0.17011285
2,6115,0.0596258
2,6116,0.09077471
2,6117,0.04100352
2,6118,0.05198055
2,6119,-0.0021767067
2,6120,0.00026982557
2,6121,0.069763444
2,6122,0.12583777
2,6123,0.11715122
2,6124,0.10212635
2,6125,0.27754375
2,6126,0.14892414
2,6127,-0.00282598
2,6128,-0.0022720145
2,6129,0.051400777
2,6130,0.085677736
2,6131,0.2138133
2,6132,0.080223374
2,6133,0.06737398
2,6134,0.07246413
2,6135,0.043811526
2,6136,0.16760898
2,6137,0.08598187
2,6138,0.061063763
2,6139,0.0039238883
2,6140,0.05878448
2,6141,0.12417724
2,6142,0.044617172
2,6143,0.096267395
2,6144,0.118391864
2,6145,0.028218146
2,6146,0.005302484
2,6147,0.092467
2,6148,0.23257592
2,6149,0.15000778
2,6150,0.052611586
2,6151,0.21451819
2,6152,0.02808493
2,6153,0.1367231
2,6154,0.16555291
2,6155,0.13619086
2,6156,0.021162447
2,6157,-0.004988377
2,6158,0.0908395
2,6159,0.09560161
2,6160,0.28136945
2,6161,0.066940956
2,6162,0.075284235
2,6163,0.23593822
2,6164,0.22298247
2,6165,0.19697085
2,6166,0.119362734
2,6167,0.015971418
2,6168,0.12836403
2,6169,0.20983183
2,6170,-0.002632563
2,6171,0.15237781
2,6172,0.08752488
2,6173,0.1211982
2,6174,0.23170438
2,6175,0.020512398
2,6176,0.12691861
2,6177,0.22487581
2,6178,0.026476558
2,6179,0.05852368
2,6180,0.15805683
2,6181,-0.0009630965
2,6182,0.114726625
2,6183,0.18447208
2,6184,0.10883214
2,6185,0.09297087
2,6186,0.13849112
2,6187,0.13928449
2,6188,0.13070422
2,6189,0.012154992
2,6190,0.2667543
2,6191,0.05336475
2,6192,0.15104342
2,6193,0.077800564
2,6194,0.05188554
2,6195,0.10975265
2,6196,0.11794566
2,6197,0.15152207
2,6198,0.072793595
2,6199,0.11419513
2,6200,0.05499473
2,6201,0.08137404
2,6202,0.114459746
2,6203,0.101963095
2,6204,0.16376805
2,6205,0.028935667
2,6206,0.06429013
2,6207,0.08327877
2,6208,0.04231703
2,6209,0.07854103
2,6210,0.13449883
2,6211,0.27673548
2,6212,0.062212106
2,6213,0.16378099
2,6214,0.12385156
2,6215,0.19978192
2,6216,0.16560781
2,6217,0.0847012
2,6218,0.11963358
2,6219,0.07708981
2,6220,0.05147552
2,6221,0.017121729
2,6222,0.08538946
2,6223,0.08753797
2,6224,0.10622197
2,6225,0.043360468
2,6226,0.079776905
2,6227,0.19832397
2,6228,0.06388449
2,6229,0.16661683
2,6230,0.25137174
2,6231,0.09965133
2,6232,0.26558536
2,6233,0.0689997
2,6234,0.1353069
2,6235,0.057355937
2,6236,0.14868975
2,6237,0.093945615
2,6238,0.007856424
2,6239,0.022237953
2,6240,0.17132834
2,6241,0.016290035
2,6242,0.048352953
2,6243,0.015600557
2,6244,0.08138584
2,6245,0.100223415
2,6246,0.018694874
2,6247,0.1004618
2,6248,0.040878143
2,6249,0.09776103
2,6250,0.0013006283
2,6251,0.011955912
2,6252,0.10612511
2,6253,0.1546104
2,6254,0.10817482
2,6255,0.14935577
2,6256,0.06961202
2,6257,0.028976437
2,6258,0.11283439
2,6259,0.049385097
2,6260,0.13294286
2,6261,0.09242397
2,6262,0.02771717
2,6263,0.21744946
2,6264,0.0868678
2,6265,0.07601338
2,6266,0.07566597
2,6267,0.057938572
2,6268,0.029441472
2,6269,0.06520184
2,6270,0.21987543
2,6271,0.09561651
2,6272,0.056908842
2,6273,0.024204072
2,6274,0.18802333
2,6275,0.00759768
2,6276,0.14613599
2,6277,0.06684374
2,6278,0.14383096
2,6279,0.20496792
2,6280,0.026517238
2,6281,0.043218907
2,6282,0.18207043
2,6283,0.22561672
2,6284,0.07449248
2,6285,0.074248485
2,6286,0.043715473
2,6287,0.10709422
2,6288,-0.0031675147
2,6289,0.034888174
2,6290,0.040479925
2,6291,0.08436947
2,6292,0.07915508
2,6293,0.15282622
2,6294,0.06389233
2,6295,0.12274783
2,6296,0.08427202
2,6297,0.23689228
2,6298,0.011925693
2,6299,0.012084479
2,6300,0.124824814
2,6301,0.08076798
2,6302,0.04415178
2,6303,0.028927293
2,6304,0.090573005
2,6305,0.08687522
2,6306,0.07285636
2,6307,0.022742894
2,6308,0.027016219
2,6309,0.02554598
2,6310,0.036562975
2,6311,0.26262224
2,6312,0.023649331
2,6313,0.13915521
2,6314,0.035040017
2,6315,0.010597582
2,6316,0.016843792
2,6317,0.22638121
2,6318,0.045658167
2,6319,0.009142186
2,6320,0.068284385
2,6321,0.18033624
2,6322,0.11120915
2,6323,0.16855961
2,6324,0.08177721
2,6325,0.0788826
2,6326,0.19213271
2,6327,0.0013338877
2,6328,0.06498306
2,6329,0.038574453
2,6330,0.038055416
2,6331,0.06577032
2,6332,0.06549191
2,6333,0.15320256
2,6334,0.19425654
2,6335,0.15499002
2,6336,0.11815002
2,6337,0.121458136
2,6338,0.037503835
2,6339,0.05110338
2,6340,0.09637349
2,6341,0.085123055
2,6342,-0.002704327
2,6343,-0.003704791
2,6344,0.04844865
2,6345,0.08992555
2,6346,0.08998995
2,6347,0.05949318
2,6348,0.12528113
2,6349,0.052406188
2,6350,0.09256419
2,6351,0.033309873
2,6352,-0.0048362063
2,6353,0.1594744
2,6354,0.16964853
2,6355,0.052637514
2,6356,0.18439534
2,6357,0.014837558
2,6358,0.08417379
2,6359,0.06999343
2,6360,0.01177376
2,6361,0.015159543
2,6362,0.07350253
2,6363,0.06733429
2,6364,0.18987077
2,6365,0.16358525
2,6366,0.1410029
2,6367,0.03128844
2,6368,0.05810934
2,6369,0.1650495
2,6370,0.22573394
2,6371,0.161134
2,6372,0.050184187
2,6373,0.090971105
2,6374,0.28230664
2,6375,0.50748163
2,6376,0.10665851
2,6377,0.08256399
2,6378,0.026994642
2,6379,0.08978047
2,6380,0.13314146
2,6381,0.24682045
2,6382,0.08250552
2,6383,0.19327846
2,6384,0.36577752
2,6385,0.21631598
2,6386,0.083086364
2,6387,0.32032233
2,6388,0.055423077
2,6389,0.23195153
2,6390,0.03610116
2,6391,0.071340315
2,6392,0.0923739
2,6393,0.11962833
2,6394,0.016205188
2,6395,0.20783657
2,6396,0.30161813
2,6397,-2.724398e-05
2,6398,0.08842995
2,6399,0.3354295
2,6400,0.070771955
2,6401,0.2346757
2,6402,0.02197313
2,6403,0.29035372
2,6404,0.06002393
2,6405,0.07784005
2,6406,0.19638294
2,6407,0.19646287
2,6408,0.19811842
2,6409,0.08375298
2,6410,0.10060238
2,6411,0.03478652
2,6412,0.05700126
2,6413,0.14164719
2,6414,0.1419901
2,6415,0.03231695
2,6416,0.006251569
2,6417,0.07571506
2,6418,0.10887047
2,6419,0.0028379513
2,6420,0.028104778
2,6421,0.18338302
2,6422,0.12184235
2,6423,0.28919488
2,6424,-0.0038293647
2,6425,0.1875115
2,6426,0.18959157
2,6427,0.10663175
2,6428,0.018638637
2,6429,0.13354379
2,6430,0.04006129
2,6431,0.027032312
2,6432,0.09936231
2,6433,0.24414456
2,6434,0.23966414
2,6435,0.035482284
2,6436,0.0753816
2,6437,0.07673409
2,6438,0.0024207188
2,6439,0.061949488
2,6440,0.009278472
2,6441,0.148108
2,6442,0.049266186
2,6443,-0.0039019631
2,6444,0.049609717
2,6445,0.16419932
2,6446,0.061571535
2,6447,0.096039824
2,6448,0.20541081
2,6449,0.29499215
2,6450,0.21941623
2,6451,0.056201365
2,6452,0.0918737
2,6453,0.01566523
2,6454,0.12124323
2,6455,0.044087883
2,6456,0.13814569
2,6457,0.04781204
2,6458,0.059394117
2,6459,0.07103007
2,6460,0.19714329
2,6461,0.21291974
2,6462,0.08865266
2,6463,0.0019224836
2,6464,0.011618997
2,6465,0.026817497
2,6466,0.22538263
2,6467,0.040029462
2,6468,0.1387372
2,6469,0.14922369
2,6470,0.10645863
2,6471,0.020161387
2,6472,0.2487894
2,6473,0.17213199
2,6474,0.07033577
2,6475,0.08736517
2,6476,0.24714047
2,6477,0.08631503
2,6478,0.07185846
2,6479,0.121396564
2,6480,0.10030111
2,6481,-0.00083300937
2,6482,0.105789594
2,6483,0.07392266
2,6484,0.07148319
2,6485,0.07063901
2,6486,-0.003542726
2,6487,0.13967985
2,6488,0.1543738
2,6489,0.0814892
2,6490,0.12667736
2,6491,0.24932826
2,6492,0.028869536
2,6493,0.25826618
2,6494,0.20740893
2,6495,0.102166645
2,6496,0.09998261
2,6497,0.042591896
2,6498,0.08607467
2,6499,0.03469422
2,6500,0.04104772
2,6501,0.09300577
2,6502,0.03041279
2,6503,0.018537369
2,6504,0.036742266
2,6505,0.06909918
2,6506,0.16356575
2,6507,0.14597279
2,6508,0.03792077
2,6509,0.015779939
2,6510,0.022272583
2,6511,0.12868246
2,6512,0.008462365
2,6513,0.08967986
2,6514,0.023691293
2,6515,0.19490388
2,6516,0.14031029
2,6517,0.36579
2,6518,0.16039962
2,6519,0.055326756
2,6520,0.01928186
2,6521,0.10850578
2,6522,-0.0046139406
2,6523,0.10248389
2,6524,0.03007191
2,6525,0.00018435251
2,6526,0.16576725
2,6527,0.07569819
2,6528,0.05350026
2,6529,0.04985943
2,6530,0.16267827
2,6531,0.004923071
2,6532,0.20060426
2,6533,0.09601199
2,6534,0.064702116
2,6535,0.09016707
2,6536,0.122748785
2,6537,0.13375369
2,6538,0.1628465
2,6539,0.02262419
2,6540,0.106986515
2,6541,0.20562926
2,6542,0.21005908
2,6543,0.114039294
2,6544,0.0580472
2,6545,0.019978877
2,6546,0.008667464
2,6547,0.14598382
2,6548,0.0036696745
2,6549,0.052327808
2,6550,0.004309888
2,6551,0.14221078
2,6552,0.061145123
2,6553,0.2711743
2,6554,0.2585554
2,6555,0.12403821
2,6556,0.13525245
2,6557,0.13889647
2,6558,0.07308125
2,6559,0.040212866
2,6560,0.069045
2,6561,0.05494493
2,6562,0.25472564
2,6563,0.017418262
2,6564,0.021129247
2,6565,0.12033423
2,6566,0.012510772
2,6567,0.011359806
2,6568,-0.00059396494
2,6569,0.087634794
2,6570,0.0844981
2,6571,0.1798302
2,6572,0.03813904
2,6573,0.10050588
2,6574,0.06472313
2,6575,0.27398401
2,6576,0.03310355
2,6577,0.024030771
2,6578,0.050748672
2,6579,0.15635079
2,6580,0.02383205
2,6581,-0.0005538212
2,6582,0.13394046
2,6583,0.17821068
2,6584,0.008015032
2,6585,0.095573
2,6586,0.12169378
2,6587,0.13097233
2,6588,0.031660255
2,6589,0.24872497
2,6590,0.0045379354
2,6591,0.034485724
2,6592,0.10908126
2,6593,0.16998082
2,6594,0.10019868
2,6595,0.22118574
2,6596,0.0928983
2,6597,0.006106253
2,6598,0.2323845
2,6599,0.042510267
2,6600,0.05755728
2,6601,0.12385564
2,6602,0.20494264
2,6603,0.02708396
2,6604,0.023706552
2,6605,0.10833349
2,6606,0.10028278
2,6607,0.096027605
2,6608,0.06438004
2,6609,0.08024367
2,6610,0.047641274
2,6611,0.13280499
2,6612,0.02752551
2,6613,0.11929106
2,6614,0.0134253455
2,6615,0.104979806
2,6616,0.13396269
2,6617,0.17554972
2,6618,0.07532161
2,6619,0.0341472
2,6620,0.139487
2,6621,0.1111949
2,6622,0.108254604
2,6623,0.044538733
2,6624,0.072984986
2,6625,0.08851611
2,6626,0.12219112
2,6627,0.05520987
2,6628,0.11796563
2,6629,0.08476626
2,6630,0.0699419
2,6631,0.1674417
2,6632,0.016143199
2,6633,0.05774915
2,6634,0.21096542
2,6635,0.1906339
2,6636,0.032169517
2,6637,0.05878141
2,6638,0.17677149
2,6639,0.042712
2,6640,0.053585377
2,6641,0.13598919
2,6642,0.08458894
2,6643,0.15786427
2,6644,0.16188544
2,6645,0.1143552
2,6646,0.24140781
2,6647,0.02664968
2,6648,0.04179972
2,6649,0.0414288
2,6650,0.06809079
2,6651,0.012071009
2,6652,0.26161647
2,6653,0.15394947
2,6654,0.12816602
2,6655,0.07686096
2,6656,0.07494574
2,6657,0.13728899
2,6658,0.12355163
2,6659,0.097039275
2,6660,0.11200213
2,6661,0.030441519
2,6662,-0.0011926936
2,6663,0.045573678
2,6664,0.18596199
2,6665,0.14910394
2,6666,0.12012731
2,6667,0.17830014
2,6668,0.054360982
2,6669,0.027526315
2,6670,0.1973682
2,6671,0.04677316
2,6672,0.21459305
2,6673,0.110847495
2,6674,0.024630006
2,6675,0.062862806
2,6676,0.01866367
2,6677,0.082434826
2,6678,0.0051818443
2,6679,0.044660475
2,6680,0.17518765
2,6681,0.10928135
2,6682,0.22311378
2,6683,0.25834918
2,6684,0.09972673
2,6685,0.03136992
2,6686,0.07708108
2,6687,0.016887542
2,6688,0.08377295
2,6689,0.09047388
2,6690,0.11937135
2,6691,0.06782334
2,6692,0.05374747
2,6693,0.12279647
2,6694,0.2239857
2,6695,0.048423614
2,6696,0.018549379
2,6697,0.16659272
2,6698,0.0994209
2,6699,0.00024216902
2,6700,0.008854534
2,6701,0.13276637
2,6702,0.047011312
2,6703,0.13183522
2,6704,0.043671485
2,6705,0.1738584
2,6706,0.124999456
2,6707,0.18521073
2,6708,0.14783296
2,6709,0.19250974
2,6710,0.14018244
2,6711,0.07645636
2,6712,0.058272865
2,6713,0.16988903
2,6714,0.12826699
2,6715,0.01596218
2,6716,0.14225614
2,6717,0.16461116
2,6718,0.23724964
2,6719,0.14084643
2,6720,0.04109281
2,6721,0.08208247
2,6722,0.16210741
2,6723,0.15032005
2,6724,0.21587208
2,6725,0.023876961
2,6726,0.012273665
2,6727,0.07644623
2,6728,0.124015205
2,6729,0.017327245
2,6730,0.04811537
2,6731,0.049100813
2,6732,0.06462913
2,6733,0.040562686
2,6734,0.041428026
2,6735,0.08618223
2,6736,0.13914376
2,6737,0.01568919
2,6738,0.07929992
2,6739,0.13803118
2,6740,0.05461144
2,6741,0.0149647845
2,6742,0.20185274
2,6743,0.032945182
2,6744,-0.0048086094
2,6745,-0.00091630686
2,6746,0.025631007
2,6747,0.023670103
2,6748,0.04960632
2,6749,0.08262693
2,6750,0.11714541
2,6751,0.14423177
2,6752,0.022804018
2,6753,0.18794608
2,6754,0.10614585
2,6755,0.019902226
2,6756,0.0038788272
2,6757,0.09844416
2,6758,0.0051979376
2,6759,0.09007423
2,6760,0.1509481
2,6761,0.010729129
2,6762,0.19937545
2,6763,0.093164735
2,6764,0.0030384613
2,6765,0.049293574
2,6766,0.023570713
2,6767,0.020587113
2,6768,0.0700066
2,6769,0.13448086
2,6770,0.04338264
2,6771,0.00056191813
2,6772,0.14879376
2,6773,0.035401847
2,6774,0.04245728
2,6775,0.030015614
2,6776,0.058632072
2,6777,0.121150784
2,6778,0.087617
2,6779,0.11133095
2,6780,0.013926978
2,6781,0.15590402
2,6782,0.050847944
2,6783,0.16543978
2,6784,0.009827818
2,6785,0.15477389
2,6786,0.1303629
2,6787,0.1377644
2,6788,0.10642894
2,6789,0.10721468
2,6790,0.09815871
2,6791,0.0044950796
2,6792,0.1931524
2,6793,0.076127104
2,6794,0.08641165
2,6795,0.10752141
2,6796,0.011398013
2,6797,0.12931544
2,6798,-0.0012685703
2,6799,0.1743389
2,6800,0.022516724
2,6801,0.10658523
2,6802,0.07104804
2,6803,0.13508996
2,6804,0.0073347045
2,6805,0.09990617
2,6806,0.13926744
2,6807,0.024708088
2,6808,0.055478808
2,6809,0.029912945
2,6810,0.083747946
2,6811,0.10948949
2,6812,0.18663329
2,6813,0.117927454
2,6814,0.05566963
2,6815,0.22022706
2,6816,0.13936096
2,6817,0.08347329
2,6818,0.28603154
2,6819,0.23759142
2,6820,0.030178007
2,6821,0.089498095
2,6822,0.0052642776
2,6823,0.09341007
2,6824,0.1774069
2,6825,0.13576591
2,6826,0.16589767
2,6827,0.1495241
2,6828,0.07985013
2,6829,0.018167432
2,6830,0.09586843
2,6831,0.04469287
2,6832,0.11513709
2,6833,0.10076659
2,6834,0.08966943
2,6835,0.07222324
2,6836,0.13845617
2,6837,0.14006221
2,6838,0.06838965
2,6839,0.06854733
2,6840,0.017715242
2,6841,0.17242205
2,6842,-4.4886954e-05
2,6843,0.051740196
2,6844,0.018908229
2,6845,0.1017785
2,6846,0.006557877
2,6847,0.16379881
2,6848,0.09695595
2,6849,0.21420634
2,6850,0.0067149354
2,6851,0.18205267
2,6852,0.13308188
2,6853,0.027887013
2,6854,0.16138351
2,6855,0.042968806
2,6856,0.028915223
2,6857,0.037393805
2,6858,0.011779542
2,6859,0.15198767
2,6860,0.2329256
2,6861,0.11921718
2,6862,0.15530229
2,6863,0.016260382
2,6864,0.0056211306
2,6865,-0.0014054822
2,6866,0.012155588
2,6867,0.14749962
2,6868,0.17255321
2,6869,0.07041892
2,6870,0.067697935
2,6871,0.08431988
2,6872,0.067684464
2,6873,0.048996564
2,6874,0.039849486
2,6875,0.12655857
2,6876,0.028761562
2,6877,0.048940178
2,6878,0.0316914
2,6879,0.066526614
2,6880,0.077185206
2,6881,-0.0014479803
2,6882,0.07711264
2,6883,-0.0012693154
2,6884,0.063710205
2,6885,0.19422427
2,6886,0.22101593
2,6887,0.19126624
2,6888,0.07741695
2,6889,0.23050934
2,6890,0.13630289
2,6891,0.14726156
2,6892,0.21070129
2,6893,0.11062121
2,6894,0.082278125
2,6895,0.14309865
2,6896,0.1086384
2,6897,0.10443642
2,6898,0.13116121
2,6899,0.103336565
2,6900,0.08544018
2,6901,0.052201446
2,6902,0.2990053
2,6903,0.024830576
2,6904,0.017885562
2,6905,0.18898809
2,6906,0.08738994
2,6907,0.058390763
2,6908,0.078626804
2,6909,0.009592946
2,6910,0.18738076
2,6911,0.011276002
2,6912,0.05792403
2,6913,0.07281458
2,6914,0.09452676
2,6915,0.16201296
2,6916,0.06801038
2,6917,0.17787251
2,6918,0.17974469
2,6919,0.11886453
2,6920,0.039165553
2,6921,0.09522837
2,6922,0.1386354
2,6923,0.009697015
2,6924,0.022768196
2,6925,0.087025695
2,6926,0.0088124825
2,6927,0.012054558
2,6928,0.19426888
2,6929,0.036415573
2,6930,0.060066458
2,6931,0.10389166
2,6932,0.18069628
2,6933,0.11392116
2,6934,0.08103823
2,6935,0.018052515
2,6936,0.13187099
2,6937,0.016240504
2,6938,0.08031129
2,6939,0.061741855
2,6940,0.0075731827
2,6941,0.09758883
2,6942,0.07385444
2,6943,0.12035411
2,6944,0.16152889
2,6945,0.057877537
2,6946,-0.002750461
2,6947,0.12637001
2,6948,0.07947471
2,6949,0.00579914
2,6950,0.2078462
2,6951,0.02388009
2,6952,0.047894295
2,6953,0.13493079
2,6954,0.08965092
2,6955,0.2067186
2,6956,0.10764133
2,6957,0.08723872
2,6958,0.15930504
2,6959,0.2469646
2,6960,0.03593677
2,6961,0.21478617
2,6962,0.085965596
2,6963,0.037396427
2,6964,0.1700314
2,6965,-0.0011647986
2,6966,0.172149
2,6967,0.041524168
2,6968,0.08772462
2,6969,0.2518152
2,6970,0.09849822
2,6971,0.057577457
2,6972,0.026697751
2,6973,0.052941974
2,6974,0.21480262
2,6975,0.26616323
2,6976,0.09811633
2,6977,0.09594219
2,6978,0.092609875
2,6979,0.088508
2,6980,0.0117512895
2,6981,0.06921732
2,6982,0.01216584
2,6983,0.008590396
2,6984,0.040648814
2,6985,0.12465783
2,6986,0.20587018
2,6987,0.0296483
2,6988,0.11721938
2,6989,0.06383114
2,6990,0.077280514
2,6991,-0.0009425329
2,6992,0.009210075
2,6993,0.1690779
2,6994,-0.0043585943
2,6995,0.14800203
2,6996,0.0012566401
2,6997,0.14055818
2,6998,0.13982022
2,6999,0.030711915
2,7000,0.030633446
2,7001,0.0113383485
2,7002,0.1145662
2,7003,0.10734271
2,7004,0.033161607
2,7005,0.0015379442
2,7006,0.07415076
2,7007,0.0038179113
2,7008,0.20581919
2,7009,0.031323012
2,7010,0.018835094
2,7011,0.13622612
2,7012,0.007990743
2,7013,0.08991929
2,7014,0.03644317
2,7015,0.16429356
2,7016,0.19288945
2,7017,0.35375583
2,7018,0.004890914
2,7019,0.11008193
2,7020,0.047137734
2,7021,0.17966661
2,7022,0.034111317
2,7023,0.0648412
2,7024,0.13686568
2,7025,0.05197751
2,7026,0.007174249
2,7027,0.008743758
2,7028,0.1800754
2,7029,0.15962827
2,7030,0.00073030125
2,7031,0.13173836
2,7032,0.0008477522
2,7033,0.09692823
2,7034,0.041517194
2,7035,0.124686055
2,7036,0.14188409
2,7037,0.17639482
2,7038,0.15074378
2,7039,1.068227e-06
2,7040,0.02258065
2,7041,0.0999225
2,7042,0.27400592
2,7043,0.11943122
2,7044,0.046419974
2,7045,0.027037647
2,7046,0.025706884
2,7047,0.11193063
2,7048,0.114821546
2,7049,0.24224138
2,7050,0.025670554
2,7051,0.08929973
2,7052,0.092380576
2,7053,0.38363156
2,7054,0.051212635
2,7055,0.29644147
2,7056,0.128436
2,7057,0.015190597
2,7058,0.008965964
2,7059,0.06661605
2,7060,0.18634361
2,7061,0.066390805
2,7062,0.22648597
2,7063,0.12759984
2,7064,0.15779856
2,7065,0.04282796
2,7066,0.19560257
2,7067,0.08981564
2,7068,0.2004818
2,7069,0.19171974
2,7070,0.020829912
2,7071,-0.0006692158
2,7072,0.022323873
2,7073,0.028884169
2,7074,0.19319853
2,7075,0.08294987
2,7076,0.0045364453
2,7077,0.012949402
2,7078,0.08416849
2,7079,0.13592821
2,7080,0.068825
2,7081,0.119890265
2,7082,0.14785686
2,7083,0.02078795
2,7084,0.12388604
2,7085,0.04613998
2,7086,0.054731246
2,7087,0.05079263
2,7088,0.019231137
2,7089,0.09136521
2,7090,0.15099421
2,7091,0.020899173
2,7092,0.17390373
2,7093,-0.0026916312
2,7094,0.035848882
2,7095,0.08326968
2,7096,0.07848882
2,7097,0.07621362
2,7098,0.16470945
2,7099,0.13409865
2,7100,0.031405594
2,7101,0.171687
2,7102,-0.004429643
2,7103,0.18793255
2,7104,0.13524866
2,7105,0.16148385
2,7106,0.074062936
2,7107,0.21318951
2,7108,0.22729892
2,7109,0.18099228
2,7110,0.013845767
2,7111,0.19185525
2,7112,0.06734877
2,7113,0.052817013
2,7114,0.05640089
2,7115,0.19090992
2,7116,0.21351516
2,7117,0.09151261
2,7118,0.06033611
2,7119,0.17428586
2,7120,0.026080962
2,7121,0.17671052
2,7122,0.22514623
2,7123,0.03805053
2,7124,0.013495679
2,7125,0.1542362
2,7126,0.18810818
2,7127,0.030808743
2,7128,0.07337924
2,7129,0.11528694
2,7130,0.041806694
2,7131,0.080366306
2,7132,0.08251756
2,7133,0.040327188
2,7134,0.2586103
2,7135,0.073361866
2,7136,0.054479536
2,7137,0.14780688
2,7138,0.046944853
2,7139,0.15814221
2,7140,0.06335425
2,7141,0.04705211
2,7142,0.07087322
2,7143,-0.0022163438
2,7144,0.14308432
2,7145,0.039998706
2,7146,0.12060558
2,7147,0.18297109
2,7148,0.025448855
2,7149,0.44493252
2,7150,0.0207836
2,7151,0.1669288
2,7152,0.09957289
2,7153,-0.002473359
2,7154,0.12877762
2,7155,0.15404755
2,7156,0.11237138
2,7157,0.042714145
2,7158,0.20598793
2,7159,0.13099843
2,7160,0.15839618
2,7161,0.1242749
2,7162,0.06510728
2,7163,0.13407975
2,7164,0.03623229
2,7165,0.1150529
2,7166,0.0025694324
2,7167,0.08221104
2,7168,0.069193654
2,7169,0.033024784
2,7170,0.039572474
2,7171,0.08538555
2,7172,0.08517363
2,7173,0.0397526
2,7174,0.0773048
2,7175,0.0021336628
2,7176,0.032082286
2,7177,0.17156988
2,7178,0.09672456
2,7179,0.13545549
2,7180,0.25157642
2,7181,0.07134061
2,7182,0.23432949
2,7183,0.116783135
2,7184,0.18980822
2,7185,0.05587792
2,7186,0.03815907
2,7187,0.03504842
2,7188,0.15910858
2,7189,0.01453575
2,7190,0.13149366
2,7191,0.15844768
2,7192,0.058774587
2,7193,0.09133106
2,7194,0.06587433
2,7195,0.301391
2,7196,0.1057893
2,7197,0.01140749
2,7198,0.109418444
2,7199,0.12925741
2,7200,0.25575805
2,7201,0.004091258
2,7202,0.15149504
2,7203,0.14962006
2,7204,0.030497547
2,7205,0.2407847
2,7206,0.31620616
2,7207,0.101130776
2,7208,0.10084351
2,7209,0.016785111
2,7210,0.056265052
2,7211,0.2337048
2,7212,0.04031044
2,7213,0.027267333
2,7214,0.010836418
2,7215,0.2494891
2,7216,0.12689835
2,7217,0.043167498
2,7218,0.13697135
2,7219,0.060414787
2,7220,0.004427011
2,7221,0.13833538
2,7222,0.16567361
2,7223,0.027965244
2,7224,0.03995585
2,7225,0.18072999
2,7226,0.0075117005
2,7227,0.34997147
2,7228,0.2834471
2,7229,0.14396292
2,7230,0.077367656
2,7231,0.013502355
2,7232,0.25779724
2,7233,0.088085406
2,7234,0.014946158
2,7235,0.072145514
2,7236,0.19450545
2,7237,0.20992517
2,7238,0.022643324
2,7239,0.11473151
2,7240,0.12252837
2,7241,0.03594848
2,7242,0.026197251
2,7243,0.15192485
2,7244,0.11048054
2,7245,0.16501084
2,7246,0.10051226
2,7247,0.13603675
2,7248,0.051440354
2,7249,0.13043731
2,7250,0.038166817
2,7251,0.044113513
2,7252,0.21025544
2,7253,0.15182516
2,7254,0.0359289
2,7255,0.040920552
2,7256,0.09868004
2,7257,0.11722677
2,7258,0.025391158
2,7259,0.10346239
2,7260,0.020327028
2,7261,0.08211439
2,7262,0.076007836
2,7263,0.22966832
2,7264,0.060501244
2,7265,0.06930261
2,7266,0.08417069
2,7267,0.10881399
2,7268,0.01411217
2,7269,0.07364731
2,7270,0.2193945
2,7271,0.030218478
2,7272,0.0049006
2,7273,0.036116656
2,7274,0.061454322
2,7275,0.052387502
2,7276,0.008537914
2,7277,0.0756067
2,7278,-0.0033925818
2,7279,0.22746965
2,7280,0.084425025
2,7281,-0.0007255124
2,7282,0.07923999
2,7283,0.06867581
2,7284,0.025356796
2,7285,0.10007536
2,7286,0.016392346
2,7287,0.05868232
2,7288,0.08596944
2,7289,0.0052629067
2,7290,0.05684584
2,7291,0.07850706
2,7292,0.04404902
2,7293,0.070845954
2,7294,0.3540861
2,7295,0.0030836416
2,7296,0.1156308
2,7297,0.020645108
2,7298,0.024678167
2,7299,0.21635482
2,7300,0.051017817
2,7301,0.2584988
2,7302,0.24144843
2,7303,0.023696985
2,7304,0.0846354
2,7305,0.30723178
2,7306,0.16228133
2,7307,0.10132044
2,7308,0.056165364
2,7309,0.015525545
2,7310,0.0087887
2,7311,0.01578724
2,7312,0.18981743
2,7313,0.063674085
2,7314,0.032165524
2,7315,0.058020946
2,7316,0.16667119
2,7317,0.008781488
2,7318,0.00035595428
2,7319,0.0068827225
2,7320,0.003939743
2,7321,-0.0005458044
2,7322,0.023066755
2,7323,0.060698207
2,7324,0.22782573
2,7325,0.053188022
2,7326,0.11754983
2,7327,0.02708524
2,7328,0.13211596
2,7329,0.05590045
2,7330,0.101228945
2,7331,0.031222042
2,7332,0.11663955
2,7333,0.10022669
2,7334,0.11658298
2,7335,0.03707644
2,7336,0.1541791
2,7337,0.18122426
2,7338,0.11663299
2,7339,0.13643464
2,7340,0.011889632
2,7341,0.06273072
2,7342,0.07328432
2,7343,0.110332124
2,7344,0.024486836
2,7345,0.0033520414
2,7346,0.18201238
2,7347,0.11485728
2,7348,0.2511713
2,7349,0.21288216
2,7350,0.023675378
2,7351,0.04423746
2,7352,0.15268862
2,7353,0.119342975
2,7354,0.043295737
2,7355,0.144184
2,7356,0.09234392
2,7357,0.044706997
2,7358,0.01565769
2,7359,0.09318956
2,7360,0.002754624
2,7361,0.0023538424
2,7362,0.015081639
2,7363,0.031588968
2,7364,0.2495321
2,7365,0.0030230237
2,7366,0.11202397
2,7367,0.11182808
2,7368,0.21210113
2,7369,0.023074772
2,7370,0.012733753
2,7371,0.008463855
2,7372,0.2352677
2,7373,0.018189546
2,7374,0.21890277
2,7375,0.014582808
2,7376,0.004358466
2,7377,0.028125968
2,7378,0.0004522456
2,7379,0.025694784
2,7380,0.0013667298
2,7381,0.038141247
2,7382,0.038121875
2,7383,0.084349565
2,7384,0.021877285
2,7385,0.1859644
2,7386,0.18062237
2,7387,0.09513458
2,7388,0.04608124
2,7389,0.01919153
2,7390,0.009172733
2,7391,0.040249642
2,7392,0.06210881
2,7393,0.090787254
2,7394,0.24117973
2,7395,0.1509422
2,7396,0.14439127
2,7397,0.06777065
2,7398,0.09332993
2,7399,0.08094563
2,7400,0.096184336
2,7401,0.12228995
2,7402,0.009072001
2,7403,0.116725676
2,7404,0.11443549
2,7405,0.14959127
2,7406,0.10102617
2,7407,0.14896294
2,7408,0.16135675
2,7409,0.034179565
2,7410,0.03426605
2,7411,0.1469984
2,7412,0.10327958
2,7413,0.048020925
2,7414,0.00822946
2,7415,0.10514473
2,7416,0.022081938
2,7417,0.01648539
2,7418,0.005431886
2,7419,0.05938333
2,7420,0.017425474
2,7421,0.12981248
2,7422,0.10659426
2,7423,0.14490119
2,7424,0.015734222
2,7425,0.03176826
2,7426,0.014389749
2,7427,0.022310134
2,7428,0.12611413
2,7429,0.05217802
2,7430,0.17394501
2,7431,0.07920431
2,7432,0.1037473
2,7433,0.08560466
2,7434,0.053814884
2,7435,0.09771284
2,7436,0.035842117
2,7437,0.039801057
2,7438,0.055142637
2,7439,0.08022236
2,7440,0.05067992
2,7441,0.09668379
2,7442,0.15911493
2,7443,0.16159874
2,7444,0.0894592
2,7445,0.07780974
2,7446,0.005008097
2,7447,0.046655115
2,7448,0.105540685
2,7449,0.000573094
2,7450,0.037680563
2,7451,0.01737314
2,7452,0.11930006
2,7453,0.041561063
2,7454,0.016724344
2,7455,0.1559827
2,7456,0.24308693
2,7457,0.061778482
2,7458,0.14815763
2,7459,0.11580818
2,7460,0.013808365
2,7461,-0.0028505372
2,7462,0.08081492
2,7463,0.031363126
2,7464,0.11373138
2,7465,0.07420974
2,7466,0.049323376
2,7467,0.19059876
2,7468,0.13245422
2,7469,0.079491965
2,7470,-0.0033333348
2,7471,0.0030090166
2,7472,0.19062334
2,7473,0.0878905
2,7474,0.11849498
2,7475,0.026194569
2,7476,0.0044809533
2,7477,0.051047113
2,7478,0.13166848
2,7479,0.026108202
2,7480,0.09662079
2,7481,0.009230043
2,7482,0.061397668
2,7483,0.013409133
2,7484,0.194947
2,7485,0.20072591
2,7486,0.01276892
2,7487,0.04356384
2,7488,0.15201646
2,7489,0.18642038
2,7490,0.06500768
2,7491,0.108406596
2,7492,0.06805124
2,7493,0.08674421
2,7494,0.14638066
2,7495,0.15327197
2,7496,0.049267557
2,7497,0.17829424
2,7498,0.021425959
2,7499,0.16231751
2,7500,0.06459438
2,7501,0.18135
2,7502,0.15761757
2,7503,0.07004809
2,7504,0.064869635
2,7505,0.15514195
2,7506,0.042146053
2,7507,0.11652564
2,7508,0.077734165
2,7509,0.17564267
2,7510,0.15880221
2,7511,0.10413801
2,7512,0.022359427
2,7513,0.22791731
2,7514,0.11429166
2,7515,0.0866239
2,7516,0.21982151
2,7517,0.068115495
2,7518,0.0072407676
2,7519,-0.0025322484
2,7520,0.17195919
2,7521,0.019945558
2,7522,0.048894968
2,7523,0.0920841
2,7524,0.113182776
2,7525,0.11979961
2,7526,0.07767164
2,7527,0.09350913
2,7528,0.011834021
2,7529,0.12645948
